0.000000000	0.000000000	0.077233400	0.277908978	2.000000000	2.000000000	0.800000000	1.200000000	0.218200000
0.020000000	0.000000000	0.023389626	0.152936672	2.776196082	1.223803918	1.880536066	0.895660016	0.520424432
0.040000000	0.000000000	0.020469186	0.143070562	2.630233402	1.369766598	1.642088212	0.988145190	0.439056196
0.060000000	0.000000000	0.026603383	0.163105434	2.498714929	1.501285071	1.461660612	1.037054318	0.375644068
0.080000000	0.000000000	0.034996340	0.187073087	2.391531650	1.608468350	1.322849322	1.068682327	0.330561737
0.100000000	0.000000000	0.043742859	0.209147936	2.304097641	1.695902359	1.212195943	1.091901698	0.299428469
0.120000000	0.000000000	0.052267432	0.228620717	2.231086312	1.768913688	1.120840580	1.110245732	0.277592923
0.140000000	0.000000000	0.060396779	0.245757562	2.168725760	1.831274240	1.043311591	1.125414170	0.262036629
0.160000000	0.000000000	0.068086158	0.260933244	2.114491543	1.885508457	0.976147276	1.138344267	0.250867294
0.180000000	0.000000000	0.075335462	0.274473063	2.066659496	1.933340504	0.917053611	1.149605885	0.242856668
0.200000000	0.000000000	0.082161179	0.286637715	2.024009418	1.975990582	0.864438253	1.159571165	0.237174546
0.220000000	0.000000000	0.088585984	0.297633976	1.985646673	2.014353327	0.817150013	1.168496660	0.233239988
0.240000000	0.000000000	0.094634467	0.307627155	1.950894451	2.049105549	0.774327482	1.176566968	0.230634910
0.260000000	0.000000000	0.100331247	0.316751080	1.919226855	2.080773145	0.735307210	1.183919645	0.229051533
0.280000000	0.000000000	0.105700090	0.325115503	1.890225931	2.109774069	0.699565703	1.190660228	0.228259050
0.300000000	0.000000000	0.110763515	0.332811531	1.863553136	2.136446864	0.666681419	1.196871717	0.228081729
0.320000000	0.000000000	0.115542628	0.339915618	1.838929815	2.161070185	0.636309044	1.202620771	0.228384078
0.340000000	0.000000000	0.120057088	0.346492552	1.816123453	2.183876547	0.608161563	1.207961890	0.229060531
0.360000000	0.000000000	0.124325140	0.352597702	1.794937760	2.205062240	0.581997439	1.212940321	0.230028125
0.380000000	0.000000000	0.128363669	0.358278758	1.775205358	2.224794642	0.557611234	1.217594123	0.231221191
0.400000000	0.000000000	0.132188287	0.363577071	1.756782270	2.243217730	0.534826596	1.221955675	0.232587439
0.420000000	0.000000000	0.135813414	0.368528716	1.739543711	2.260456289	0.513490922	1.226052789	0.234085036
0.440000000	0.000000000	0.139252368	0.373165335	1.723380799	2.276619201	0.493471234	1.229909565	0.235680391
0.460000000	0.000000000	0.142517441	0.377514823	1.708197966	2.291802034	0.474650927	1.233547039	0.237346452
0.480000000	0.000000000	0.145619990	0.381601873	1.693910891	2.306089109	0.456927197	1.236983694	0.239061394
0.500000000	0.000000000	0.148570501	0.385448441	1.680444820	2.319555180	0.440208954	1.240235866	0.240807591
0.520000000	0.000000000	0.151378667	0.389074115	1.667733199	2.332266801	0.424415129	1.243318070	0.242570807
0.540000000	0.000000000	0.154053448	0.392496430	1.655716544	2.344283456	0.409473284	1.246243261	0.244339555
0.560000000	0.000000000	0.156603133	0.395731137	1.644341505	2.355658495	0.395318453	1.249023053	0.246104583
0.580000000	0.000000000	0.159035393	0.398792418	1.633560074	2.366439926	0.381892177	1.251667897	0.247858464
0.600000000	0.000000000	0.161357334	0.401693084	1.623328921	2.376671079	0.369141690	1.254187231	0.249595265
0.620000000	0.000000000	0.163575541	0.404444731	1.613608834	2.386391166	0.357019228	1.256589606	0.251310277
0.640000000	0.000000000	0.165696121	0.407057884	1.604364231	2.395635769	0.345481439	1.258882792	0.252999796
0.660000000	0.000000000	0.167724742	0.409542113	1.595562747	2.404437253	0.334488879	1.261073868	0.254660946
0.680000000	0.000000000	0.169666670	0.411906142	1.587174878	2.412825122	0.324005577	1.263169301	0.256291530
0.700000000	0.000000000	0.171526797	0.414157937	1.579173670	2.420826330	0.313998656	1.265175014	0.257889914
0.720000000	0.000000000	0.173309677	0.416304788	1.571534446	2.428465554	0.304438005	1.267096442	0.259454922
0.740000000	0.000000000	0.175019547	0.418353376	1.564234574	2.435765426	0.295295992	1.268938582	0.260985758
0.760000000	0.000000000	0.176660358	0.420309835	1.557253256	2.442746744	0.286547216	1.270706040	0.262481938
0.780000000	0.000000000	0.178235791	0.422179809	1.550571349	2.449428651	0.278168280	1.272403069	0.263943232
0.800000000	0.000000000	0.179749285	0.423968495	1.544171203	2.455828797	0.270137603	1.274033600	0.265369622
0.820000000	0.000000000	0.181204049	0.425680689	1.538036517	2.461963483	0.262435240	1.275601277	0.266761256
0.840000000	0.000000000	0.182603085	0.427320822	1.532152213	2.467847787	0.255042734	1.277109479	0.268118421
0.860000000	0.000000000	0.183949203	0.428892997	1.526504325	2.473495675	0.247942979	1.278561346	0.269441516
0.880000000	0.000000000	0.185245031	0.430401012	1.521079899	2.478920101	0.241120097	1.279959802	0.270731027
0.900000000	0.000000000	0.186493035	0.431848394	1.515866899	2.484133101	0.234559329	1.281307570	0.271987511
0.920000000	0.000000000	0.187695528	0.433238419	1.510854133	2.489145867	0.228246942	1.282607191	0.273211580
0.940000000	0.000000000	0.188854680	0.434574136	1.506031175	2.493968825	0.222170135	1.283861041	0.274403885
0.960000000	0.000000000	0.189972530	0.435858383	1.501388304	2.498611696	0.216316965	1.285071339	0.275565111
0.980000000	0.000000000	0.191050998	0.437093809	1.496916443	2.503083557	0.210676276	1.286240167	0.276695962
1.000000000	0.000000000	0.192091889	0.438282886	1.492607108	2.507392892	0.205237633	1.287369474	0.277797159
0.000000000	0.020000000	0.074268016	0.272521588	2.000000000	2.000000000	0.816363200	1.183636800	0.223321681
0.020000000	0.020000000	0.021831464	0.147754744	2.804293324	1.201768193	1.919512578	0.884780745	0.550492379
0.040000000	0.020000000	0.017085149	0.130710173	2.672667737	1.334664248	1.694143323	0.978524414	0.474944793
0.060000000	0.020000000	0.021096249	0.145245479	2.548952140	1.457922044	1.520595585	1.028356555	0.409987044
0.080000000	0.020000000	0.027579364	0.166070359	2.445778428	1.558890780	1.386111357	1.059667071	0.361327217
0.100000000	0.020000000	0.034732205	0.186365783	2.359698238	1.641170854	1.278219730	1.081478508	0.326448198
0.120000000	0.020000000	0.041945119	0.204805075	2.286251355	1.709654636	1.188894705	1.097356649	0.301103879
0.140000000	0.020000000	0.048971325	0.221294656	2.222250514	1.767894630	1.112723274	1.109527240	0.282365726
0.160000000	0.020000000	0.055795659	0.236211048	2.165533732	1.818299466	1.046366319	1.119167412	0.268351070
0.180000000	0.020000000	0.062279054	0.249557717	2.114599899	1.862529998	0.987866784	1.126733115	0.257816301
0.200000000	0.020000000	0.068461401	0.261651296	2.068371445	1.901768696	0.935401935	1.132969510	0.249907648
0.220000000	0.020000000	0.074381391	0.272729520	2.026050443	1.936884422	0.888138292	1.137912151	0.244018599
0.240000000	0.020000000	0.080038736	0.282911181	1.987029742	1.968533830	0.845368989	1.141660753	0.239706030
0.260000000	0.020000000	0.085353699	0.292153553	1.950836310	1.997225578	0.805753558	1.145082752	0.236638695
0.280000000	0.020000000	0.090486135	0.300809133	1.917093969	2.023362262	0.769506936	1.147587033	0.234564289
0.300000000	0.020000000	0.095354240	0.308794818	1.885498221	2.047268577	0.736219273	1.149278947	0.233287616
0.320000000	0.020000000	0.099931093	0.316118796	1.855798778	2.069210709	0.705127998	1.150670780	0.232655680
0.340000000	0.020000000	0.104424169	0.323147287	1.827787178	2.089410004	0.675995536	1.151791642	0.232547236
0.360000000	0.020000000	0.108529569	0.329438262	1.801287795	2.108052807	0.649324856	1.151962939	0.232865304
0.380000000	0.020000000	0.112617616	0.335585482	1.776151183	2.125297686	0.623971165	1.152180018	0.233531692
0.400000000	0.020000000	0.116403913	0.341180176	1.752249062	2.141280842	0.600407973	1.151841089	0.234482934
0.420000000	0.020000000	0.120026594	0.346448545	1.729470470	2.156120221	0.578104298	1.151366172	0.235667212
0.440000000	0.020000000	0.123588260	0.351551220	1.707718771	2.169918694	0.557202654	1.150516117	0.237042016
0.460000000	0.020000000	0.126905906	0.356238552	1.686909288	2.182766552	0.537599709	1.149309579	0.238572324
0.480000000	0.020000000	0.129927345	0.360454359	1.666967416	2.194743491	0.518706166	1.148261250	0.240229179
0.500000000	0.020000000	0.133076160	0.364796053	1.647827097	2.205920206	0.501155307	1.146671791	0.241988573
0.520000000	0.020000000	0.136006242	0.368790241	1.629429571	2.216359690	0.484542288	1.144887283	0.243830548
0.540000000	0.020000000	0.138775176	0.372525403	1.611722353	2.226118301	0.468315203	1.143407150	0.245738485
0.560000000	0.020000000	0.141427582	0.376068587	1.594658380	2.235246645	0.453572571	1.141085809	0.247698523
0.580000000	0.020000000	0.143892121	0.379331150	1.578195302	2.243790314	0.439320567	1.138874735	0.249699093
0.600000000	0.020000000	0.146461021	0.382702262	1.562294879	2.251790512	0.425586238	1.136708641	0.251730529
0.620000000	0.020000000	0.148721226	0.385643911	1.546922475	2.259284579	0.412645200	1.134277275	0.253784759
0.640000000	0.020000000	0.151032038	0.388628406	1.532046624	2.266306445	0.400034351	1.132012273	0.255855041
0.660000000	0.020000000	0.153246409	0.391466996	1.517638664	2.272887015	0.388181276	1.129457388	0.257935752
0.680000000	0.020000000	0.155378060	0.394180238	1.503672412	2.279054499	0.377054597	1.126617815	0.260022208
0.700000000	0.020000000	0.157314697	0.396629168	1.490123894	2.284834709	0.366150991	1.123972903	0.262110518
0.720000000	0.020000000	0.159233822	0.399041128	1.476971105	2.290251304	0.355706149	1.121264956	0.264197454
0.740000000	0.020000000	0.161027230	0.401281983	1.464193799	2.295326011	0.345873017	1.118320782	0.266280355
0.760000000	0.020000000	0.162825165	0.403516003	1.451773309	2.300078821	0.336367200	1.115406109	0.268357034
0.780000000	0.020000000	0.164590324	0.405697330	1.439692386	2.304528156	0.327290701	1.112401685	0.270425708
0.800000000	0.020000000	0.166288064	0.407784336	1.427935062	2.308691020	0.318533725	1.109401337	0.272484934
0.820000000	0.020000000	0.167906587	0.409764062	1.416486522	2.312583133	0.309880514	1.106606008	0.274533559
0.840000000	0.020000000	0.169307810	0.411470303	1.405332995	2.316219047	0.301738991	1.103594005	0.276570674
0.860000000	0.020000000	0.170865694	0.413359037	1.394461662	2.319612250	0.294281466	1.100180196	0.278595576
0.880000000	0.020000000	0.172242979	0.415021661	1.383860561	2.322775265	0.286629825	1.097230736	0.280607740
0.900000000	0.020000000	0.173684047	0.416754180	1.373518516	2.325719729	0.279737635	1.093780881	0.282606790
0.920000000	0.020000000	0.175045441	0.418384322	1.363425067	2.328456469	0.272760104	1.090664963	0.284592475
0.940000000	0.020000000	0.176316539	0.419900630	1.353570405	2.330995571	0.265992816	1.087577589	0.286564650
0.960000000	0.020000000	0.177423327	0.421216485	1.343945321	2.333346440	0.259649447	1.084295873	0.288523264
0.980000000	0.020000000	0.178703219	0.422733035	1.334541152	2.335517856	0.253157371	1.081383781	0.290468340
1.000000000	0.020000000	0.179868093	0.424108586	1.325349739	2.337518019	0.247028917	1.078320822	0.292399965
0.000000000	0.040000000	0.071200005	0.266833291	2.000000000	2.000000000	0.833736800	1.166263200	0.228705758
0.020000000	0.040000000	0.020767466	0.144109215	2.831608121	1.181441924	1.958297965	0.873310156	0.582727359
0.040000000	0.040000000	0.014462258	0.120259130	2.715427512	1.302569026	1.745881863	0.969545649	0.513256090
0.060000000	0.040000000	0.016477736	0.128365636	2.604404033	1.419765954	1.579657227	1.024746806	0.448114600
0.080000000	0.040000000	0.021035962	0.145037795	2.511182371	1.516816492	1.450023004	1.061159367	0.396866102
0.100000000	0.040000000	0.026456843	0.162655595	2.432355286	1.596048711	1.345633105	1.086722181	0.358841482
0.120000000	0.040000000	0.032185882	0.179404242	2.364016317	1.661904779	1.258848309	1.105168007	0.330298332
0.140000000	0.040000000	0.037975181	0.194872216	2.303537413	1.717760519	1.184811188	1.118726225	0.308477732
0.160000000	0.040000000	0.043633483	0.208886292	2.249190683	1.765947233	1.119630435	1.129560248	0.291565398
0.180000000	0.040000000	0.049244493	0.221911002	2.199786714	1.808090190	1.062517230	1.137269484	0.278345143
0.200000000	0.040000000	0.054622435	0.233714430	2.154466819	1.845355437	1.010730273	1.143736546	0.267970833
0.220000000	0.040000000	0.059802202	0.244544888	2.112587107	1.878604283	0.963877982	1.148709126	0.259833277
0.240000000	0.040000000	0.064964544	0.254881431	2.073650484	1.908489613	0.920818355	1.152832130	0.253481223
0.260000000	0.040000000	0.069731213	0.264066682	2.037264281	1.935517566	0.881907173	1.155357107	0.248572531
0.280000000	0.040000000	0.074465124	0.272882985	2.003112447	1.960088292	0.845656443	1.157456004	0.244842746
0.300000000	0.040000000	0.078838646	0.280782204	1.970936547	1.982523659	0.811770995	1.159165553	0.242084162
0.320000000	0.040000000	0.083250785	0.288532122	1.940522349	2.003086561	0.780601974	1.159920375	0.240131424
0.340000000	0.040000000	0.087446475	0.295713502	1.911690125	2.021994654	0.751046368	1.160643757	0.238851378
0.360000000	0.040000000	0.091437458	0.302386273	1.884287500	2.039430331	0.723607362	1.160680137	0.238135745
0.380000000	0.040000000	0.095364595	0.308811584	1.858184064	2.055548081	0.697482145	1.160701919	0.237895735
0.400000000	0.040000000	0.099021442	0.314676726	1.833267273	2.070480009	0.673303178	1.159964096	0.238058010
0.420000000	0.040000000	0.102584205	0.320287691	1.809439270	2.084340031	0.650434450	1.159004820	0.238561617
0.440000000	0.040000000	0.106079950	0.325699170	1.786614388	2.097227122	0.628640814	1.157973574	0.239355619
0.460000000	0.040000000	0.109400440	0.330757373	1.764717176	2.109227845	0.608381564	1.156335612	0.240397253
0.480000000	0.040000000	0.112443196	0.335325507	1.743680806	2.120418353	0.588803216	1.154877590	0.241650469
0.500000000	0.040000000	0.115639318	0.340057815	1.723445792	2.130865995	0.570192869	1.153252922	0.243084770
0.520000000	0.040000000	0.118494036	0.344229627	1.703958927	2.140630611	0.552615070	1.151343857	0.244674282
0.540000000	0.040000000	0.121370957	0.348383348	1.685172423	2.149765590	0.535925883	1.149246539	0.246396989
0.560000000	0.040000000	0.124107804	0.352289375	1.667043178	2.158318743	0.519930940	1.147112238	0.248234124
0.580000000	0.040000000	0.126760585	0.356034528	1.649532178	2.166333029	0.505026462	1.144505717	0.250169657
0.600000000	0.040000000	0.129306546	0.359592194	1.632603981	2.173847165	0.490282313	1.142321668	0.252189877
0.620000000	0.040000000	0.131932615	0.363225295	1.616226283	2.180896135	0.475984023	1.140242260	0.254283043
0.640000000	0.040000000	0.134145343	0.366258574	1.600369552	2.187511633	0.463138642	1.137230910	0.256439096
0.660000000	0.040000000	0.136469292	0.369417504	1.585006707	2.193722431	0.449986990	1.135019718	0.258649409
0.680000000	0.040000000	0.138626758	0.372326144	1.570112850	2.199554706	0.438112214	1.132000636	0.260906592
0.700000000	0.040000000	0.140872048	0.375329253	1.555665024	2.205032316	0.426478899	1.129186126	0.263204309
0.720000000	0.040000000	0.143013693	0.378171512	1.541642012	2.210177043	0.415516439	1.126125573	0.265537138
0.740000000	0.040000000	0.145025588	0.380822253	1.528024156	2.215008807	0.404195275	1.123828881	0.267900444
0.760000000	0.040000000	0.146846003	0.383204910	1.514793203	2.219545847	0.394099323	1.120693879	0.270290272
0.780000000	0.040000000	0.148668577	0.385575644	1.501932165	2.223804892	0.384055461	1.117876703	0.272703260
0.800000000	0.040000000	0.150638528	0.388121795	1.489425200	2.227801300	0.374152389	1.115272811	0.275136558
0.820000000	0.040000000	0.152366707	0.390341783	1.477257506	2.231549193	0.365427704	1.111829802	0.277587763
0.840000000	0.040000000	0.153952410	0.392367697	1.465415224	2.235061563	0.356243074	1.109172150	0.280054861
0.860000000	0.040000000	0.155616125	0.394482097	1.453885354	2.238350383	0.347865080	1.106020274	0.282536179
0.880000000	0.040000000	0.157257044	0.396556483	1.442655683	2.241426693	0.339532982	1.103122701	0.285030344
0.900000000	0.040000000	0.158760572	0.398447703	1.431714717	2.244300684	0.331602106	1.100112611	0.287536242
0.920000000	0.040000000	0.160276230	0.400345138	1.421051618	2.246981771	0.323605515	1.097446103	0.290052992
0.940000000	0.040000000	0.161607302	0.402004106	1.410656155	2.249478660	0.316507435	1.094148720	0.292579914
0.960000000	0.040000000	0.163114497	0.403874358	1.400518653	2.251799408	0.309278152	1.091240502	0.295116508
0.980000000	0.040000000	0.164435984	0.405507070	1.390629952	2.253951476	0.302581884	1.088048067	0.297662433
1.000000000	0.040000000	0.165738014	0.407109339	1.380981362	2.255941779	0.295924373	1.085056989	0.300217488
0.000000000	0.060000000	0.068045997	0.260856277	2.000000000	2.000000000	0.851876000	1.148124000	0.234253619
0.020000000	0.060000000	0.019957687	0.141271679	2.859759732	1.163499230	1.996998950	0.862760781	0.617293527
0.040000000	0.060000000	0.012425986	0.111471907	2.761058571	1.274046703	1.798818925	0.962239645	0.557208926
0.060000000	0.060000000	0.012659452	0.112514228	2.666144195	1.385849241	1.641540977	1.024603218	0.494777943
0.080000000	0.060000000	0.015225871	0.123393155	2.587417086	1.479730863	1.518422058	1.068995028	0.443100636
0.100000000	0.060000000	0.018763516	0.136979984	2.520928143	1.556734667	1.419346387	1.101581756	0.403569135
0.120000000	0.060000000	0.022742426	0.150805920	2.462886144	1.620742404	1.336666178	1.126219966	0.373061419
0.140000000	0.060000000	0.026930405	0.164104859	2.410939790	1.674876536	1.266249534	1.144690256	0.349052406
0.160000000	0.060000000	0.031176687	0.176569212	2.363641035	1.721347586	1.203541474	1.160099562	0.329844341
0.180000000	0.060000000	0.035436851	0.188246781	2.320046749	1.761724575	1.148927355	1.171119394	0.314290709
0.200000000	0.060000000	0.039612516	0.199028934	2.279504950	1.797151228	1.098954832	1.180550118	0.301591235
0.220000000	0.060000000	0.043757865	0.209183807	2.241541464	1.828484708	1.053413766	1.188127698	0.291168395
0.240000000	0.060000000	0.047747085	0.218511065	2.205797194	1.856383135	1.011963002	1.193834192	0.282593321
0.260000000	0.060000000	0.051729630	0.227441487	2.171991470	1.881362236	0.974066101	1.197925369	0.275539838
0.280000000	0.060000000	0.055605824	0.235808871	2.139899465	1.903833232	0.938112199	1.201787266	0.269754836
0.300000000	0.060000000	0.059394121	0.243709091	2.109337551	1.924128976	0.905025209	1.204312343	0.265038521
0.320000000	0.060000000	0.063066308	0.251130062	2.080153371	1.942522456	0.874187272	1.205966099	0.261230841
0.340000000	0.060000000	0.066666280	0.258198140	2.052218847	1.959240195	0.845062104	1.207156743	0.258201924
0.360000000	0.060000000	0.070190658	0.264935196	2.025425101	1.974472135	0.816998872	1.208426229	0.255845191
0.380000000	0.060000000	0.073590039	0.271274840	1.999678664	1.988379043	0.791810467	1.207868196	0.254072304
0.400000000	0.060000000	0.076882642	0.277277193	1.974898587	2.001098150	0.767446434	1.207452154	0.252809393
0.420000000	0.060000000	0.080184391	0.283168486	1.951014214	2.012747493	0.744192168	1.206822047	0.251994200
0.440000000	0.060000000	0.083257743	0.288544178	1.927963422	2.023429304	0.721763332	1.206200090	0.251573887
0.460000000	0.060000000	0.086326740	0.293814125	1.905691230	2.033232674	0.701003621	1.204687609	0.251503333
0.480000000	0.060000000	0.089284097	0.298804446	1.884148679	2.042235686	0.681511547	1.202637132	0.251743797
0.500000000	0.060000000	0.092095704	0.303472740	1.863291928	2.050507122	0.662081252	1.201210676	0.252261852
0.520000000	0.060000000	0.095051155	0.308303673	1.843081512	2.058107853	0.643778180	1.199303332	0.253028536
0.540000000	0.060000000	0.097700240	0.312570376	1.823481729	2.065091970	0.626943339	1.196538390	0.254018660
0.560000000	0.060000000	0.100411170	0.316877216	1.804460141	2.071507729	0.609758257	1.194701884	0.255210247
0.580000000	0.060000000	0.103028191	0.320980048	1.785987144	2.077398321	0.593717045	1.192270100	0.256584066
0.600000000	0.060000000	0.105540682	0.324870254	1.768035620	2.082802530	0.578333017	1.189702603	0.258123255
0.620000000	0.060000000	0.108000123	0.328633721	1.750580634	2.087755281	0.563874857	1.186705777	0.259812992
0.640000000	0.060000000	0.110390016	0.332249930	1.733599178	2.092288103	0.549600415	1.183998764	0.261640235
0.660000000	0.060000000	0.112686401	0.335687952	1.717069959	2.096429527	0.535953077	1.181116882	0.263593488
0.680000000	0.060000000	0.114868916	0.338923171	1.700973205	2.100205430	0.522755559	1.178217646	0.265662614
0.700000000	0.060000000	0.117127194	0.342238504	1.685290511	2.103639325	0.510445065	1.174845447	0.267838664
0.720000000	0.060000000	0.119454871	0.345622440	1.670004697	2.106752615	0.497984708	1.172019989	0.270113742
0.740000000	0.060000000	0.121367169	0.348377911	1.655099684	2.109564817	0.486131655	1.168968030	0.272480880
0.760000000	0.060000000	0.123349469	0.351211431	1.640560394	2.112093756	0.474962038	1.165598355	0.274933934
0.780000000	0.060000000	0.125468894	0.354215886	1.626372651	2.114355731	0.464029107	1.162343544	0.277467492
0.800000000	0.060000000	0.127556445	0.357150452	1.612523106	2.116365667	0.453622456	1.158900650	0.280076793
0.820000000	0.060000000	0.129377394	0.359690692	1.598999158	2.118137248	0.443231142	1.155768017	0.282757663
0.840000000	0.060000000	0.131121294	0.362106744	1.585788898	2.119683033	0.433571025	1.152217872	0.285506447
0.860000000	0.060000000	0.132937284	0.364605656	1.572881043	2.121014561	0.423675081	1.149205962	0.288319960
0.880000000	0.060000000	0.134721268	0.367043960	1.560264894	2.122142443	0.414384266	1.145880628	0.291195439
0.900000000	0.060000000	0.136448279	0.369389062	1.547930286	2.123076447	0.405586441	1.142343844	0.294130503
0.920000000	0.060000000	0.137985618	0.371464154	1.535867549	2.123825570	0.397100562	1.138766987	0.297123111
0.940000000	0.060000000	0.139675068	0.373731278	1.524067471	2.124398108	0.388629116	1.135438356	0.300171535
0.960000000	0.060000000	0.141447079	0.376094508	1.512521266	2.124801716	0.380736821	1.131784445	0.303274330
0.980000000	0.060000000	0.142773917	0.377854359	1.501220543	2.125043460	0.372544047	1.128676496	0.306430303
1.000000000	0.060000000	0.144528759	0.380169382	1.490157278	2.125129869	0.364559081	1.125598197	0.309638498
0.000000000	0.080000000	0.065009797	0.254970188	2.000000000	2.000000000	0.870773600	1.129226400	0.239940669
0.020000000	0.080000000	0.019530311	0.139750887	2.884929584	1.146498065	2.033914024	0.851015560	0.652278956
0.040000000	0.080000000	0.011055933	0.105147195	2.803684659	1.247715002	1.849580515	0.954104143	0.602262904
0.060000000	0.080000000	0.009780660	0.098897219	2.727641298	1.356564249	1.701921600	1.025719698	0.545100080
0.080000000	0.080000000	0.010623132	0.103068578	2.668252680	1.450565287	1.586574994	1.081677685	0.496007891
0.100000000	0.080000000	0.012373921	0.111238128	2.620589075	1.529265967	1.494327886	1.126261189	0.458401171
0.120000000	0.080000000	0.014562135	0.120673672	2.580612826	1.595831203	1.416181443	1.164431383	0.429797310
0.140000000	0.080000000	0.017003703	0.130398246	2.545949085	1.653017136	1.350461618	1.195487467	0.407868649
0.160000000	0.080000000	0.019507124	0.139667905	2.515181933	1.702817386	1.292879931	1.222302002	0.390968428
0.180000000	0.080000000	0.022109692	0.148693281	2.487412399	1.746657701	1.241525225	1.245887174	0.377942275
0.200000000	0.080000000	0.024634310	0.156953211	2.462032344	1.785582253	1.195058777	1.266973567	0.367955062
0.220000000	0.080000000	0.027209556	0.164953194	2.438607035	1.820378284	1.153587781	1.285019255	0.360382008
0.240000000	0.080000000	0.029635572	0.172149852	2.416811188	1.851655428	1.115759335	1.301051853	0.354742539
0.260000000	0.080000000	0.032115328	0.179207499	2.396392393	1.879896753	1.081014373	1.315378020	0.350659013
0.280000000	0.080000000	0.034475067	0.185674626	2.377149223	1.905492534	1.047911185	1.329238038	0.347829901
0.300000000	0.080000000	0.036845799	0.191952596	2.358917514	1.928763265	1.017989953	1.340927562	0.346011617
0.320000000	0.080000000	0.039072194	0.197666876	2.341561377	1.949975790	0.990365293	1.351196084	0.345005727
0.340000000	0.080000000	0.041337411	0.203316037	2.324967029	1.969354919	0.964262703	1.360704326	0.344649649
0.360000000	0.080000000	0.043530171	0.208638853	2.309038388	1.987091975	0.939944228	1.369094160	0.344809684
0.380000000	0.080000000	0.045584053	0.213504223	2.293693800	2.003351211	0.916130071	1.377563729	0.345375675
0.400000000	0.080000000	0.047665662	0.218324671	2.278863534	2.018274729	0.894610777	1.384252757	0.346256830
0.420000000	0.080000000	0.049720501	0.222980943	2.264487810	2.031986297	0.873815405	1.390672405	0.347378398
0.440000000	0.080000000	0.051658443	0.227284938	2.250515224	2.044594363	0.853807420	1.396707804	0.348678986
0.460000000	0.080000000	0.053654802	0.231635062	2.236901458	2.056194457	0.835052202	1.401849257	0.350108375
0.480000000	0.080000000	0.055401229	0.235374657	2.223608229	2.066871131	0.816926933	1.406681296	0.351625718
0.500000000	0.080000000	0.057363220	0.239506201	2.210602399	2.076699546	0.799684575	1.410917824	0.353198052
0.520000000	0.080000000	0.059084675	0.243073394	2.197855249	2.085746773	0.784398199	1.413457049	0.354799050
0.540000000	0.080000000	0.060889984	0.246758960	2.185341852	2.094072875	0.768254090	1.417087761	0.356407977
0.560000000	0.080000000	0.062640722	0.250281285	2.173040552	2.101731808	0.754179791	1.418860761	0.358008812
0.580000000	0.080000000	0.064356331	0.253685497	2.160932519	2.108772188	0.738878633	1.422053886	0.359589508
0.600000000	0.080000000	0.066034587	0.256971958	2.149001367	2.115237932	0.725286165	1.423715202	0.361141358
0.620000000	0.080000000	0.067789356	0.260363891	2.137232834	2.121168809	0.711615382	1.425617452	0.362658465
0.640000000	0.080000000	0.069302715	0.263254089	2.125614499	2.126600914	0.698415116	1.427199383	0.364137287
0.660000000	0.080000000	0.070964757	0.266392111	2.114135543	2.131567072	0.685815288	1.428320255	0.365576248
0.680000000	0.080000000	0.072408193	0.269087705	2.102786546	2.136097190	0.674002338	1.428784209	0.366975409
0.700000000	0.080000000	0.074145281	0.272296312	2.091559306	2.140218567	0.662481051	1.429078255	0.368336189
0.720000000	0.080000000	0.075699974	0.275136283	2.080446683	2.143956155	0.651267624	1.429179058	0.369661120
0.740000000	0.080000000	0.077094246	0.277658507	2.069442463	2.147332800	0.640507305	1.428935158	0.370953643
0.760000000	0.080000000	0.078719420	0.280569814	2.058541247	2.150369445	0.629899020	1.428642227	0.372217930
0.780000000	0.080000000	0.080238327	0.283263706	2.047738340	2.153085312	0.619599192	1.428139148	0.373458740
0.800000000	0.080000000	0.081671852	0.285782875	2.037029665	2.155498068	0.609085964	1.427943701	0.374681283
0.820000000	0.080000000	0.083158014	0.288371313	2.026411688	2.157623962	0.599706788	1.426704900	0.375891117
0.840000000	0.080000000	0.084507021	0.290700914	2.015881340	2.159477959	0.589953909	1.425927431	0.377094050
0.860000000	0.080000000	0.086044971	0.293334232	2.005435964	2.161073855	0.580795450	1.424640515	0.378296066
0.880000000	0.080000000	0.087338270	0.295530489	1.995073258	2.162424372	0.571548636	1.423524622	0.379503253
0.900000000	0.080000000	0.088852310	0.298081046	1.984791228	2.163541259	0.563206858	1.421584370	0.380721750
0.920000000	0.080000000	0.090335300	0.300558314	1.974588146	2.164435372	0.553981468	1.420606678	0.381957700
0.940000000	0.080000000	0.091534534	0.302546747	1.964462513	2.165116749	0.546335902	1.418126611	0.383217208
0.960000000	0.080000000	0.092909966	0.304811362	1.954413028	2.165594676	0.537672049	1.416740979	0.384506307
0.980000000	0.080000000	0.094310448	0.307100062	1.944438557	2.165877753	0.529484763	1.414953793	0.385830937
1.000000000	0.080000000	0.095685324	0.309330444	1.934538109	2.165973945	0.521393924	1.413144185	0.387196916
0.000000000	0.100000000	0.062094645	0.249187972	2.000000000	2.000000000	0.890309600	1.109690400	0.245880176
0.020000000	0.100000000	0.019474213	0.139550036	2.909749201	1.130195424	2.072428707	0.837320495	0.690691393
0.040000000	0.100000000	0.010315716	0.101566315	2.842399919	1.221607119	1.900950412	0.941449508	0.648575570
0.060000000	0.100000000	0.007908046	0.088927193	2.783701970	1.328438616	1.761675316	1.022026655	0.597691935
0.080000000	0.100000000	0.007428735	0.086190109	2.743773435	1.424357857	1.654560891	1.089212544	0.553826221
0.100000000	0.100000000	0.007746179	0.088012381	2.716204422	1.507163393	1.568718372	1.147486049	0.522173791
0.120000000	0.100000000	0.008564471	0.092544429	2.696395517	1.579149166	1.497733943	1.198661574	0.500951207
0.140000000	0.100000000	0.009584969	0.097902856	2.681712895	1.642594503	1.436295056	1.245417839	0.488047855
0.160000000	0.100000000	0.010704904	0.103464507	2.670578822	1.699182299	1.384082501	1.286496321	0.481813529
0.180000000	0.100000000	0.011906217	0.109115611	2.661969486	1.750104704	1.336935263	1.325034223	0.480960343
0.200000000	0.100000000	0.013152323	0.114683577	2.655171118	1.796217233	1.295497426	1.359673692	0.484432575
0.220000000	0.100000000	0.014370099	0.119875346	2.649657517	1.838151838	1.258775965	1.390881552	0.491327145
0.240000000	0.100000000	0.015600924	0.124903660	2.645024890	1.876391421	1.223970431	1.421054459	0.500851658
0.260000000	0.100000000	0.016805613	0.129636466	2.640955175	1.911318036	1.195016350	1.445938825	0.512303853
0.280000000	0.100000000	0.018010135	0.134201843	2.637194220	1.943244198	1.166676272	1.470517948	0.525062105
0.300000000	0.100000000	0.019225326	0.138655421	2.633538020	1.972433432	1.140388809	1.493149211	0.538581057
0.320000000	0.100000000	0.020413492	0.142875792	2.629823444	1.999113869	1.117006515	1.512816930	0.552389118
0.340000000	0.100000000	0.021515509	0.146681658	2.625921527	2.023487322	1.094318202	1.531603325	0.566086132
0.360000000	0.100000000	0.022660114	0.150532766	2.621732276	2.045735350	1.073938362	1.547793914	0.579340413
0.380000000	0.100000000	0.023779320	0.154205446	2.617180416	2.066023349	1.053924703	1.563255714	0.591884865
0.400000000	0.100000000	0.024937506	0.157916137	2.612211751	2.084503314	1.035009705	1.577202046	0.603512208
0.420000000	0.100000000	0.025963413	0.161131663	2.606789968	2.101315719	1.016767905	1.590022063	0.614069492
0.440000000	0.100000000	0.027192492	0.164901461	2.600893805	2.116590832	1.001303342	1.599590462	0.623452127
0.460000000	0.100000000	0.028269437	0.168135176	2.594514516	2.130449642	0.984874147	1.609640369	0.631597698
0.480000000	0.100000000	0.029343120	0.171298337	2.587653622	2.143004562	0.968705109	1.618948513	0.638479789
0.500000000	0.100000000	0.030468275	0.174551640	2.580320913	2.154359977	0.954419606	1.625901307	0.644102031
0.520000000	0.100000000	0.031552236	0.177629489	2.572532699	2.164612704	0.939100829	1.633431871	0.648492507
0.540000000	0.100000000	0.032706020	0.180848058	2.564310296	2.173852414	0.925996902	1.638313393	0.651698633
0.560000000	0.100000000	0.033862435	0.184017485	2.555678714	2.182162011	0.912757012	1.642921702	0.653782576
0.580000000	0.100000000	0.034918083	0.186863809	2.546665556	2.189618009	0.899548209	1.647117347	0.654817242
0.600000000	0.100000000	0.036047012	0.189860506	2.537300088	2.196290900	0.887372468	1.649927620	0.654882824
0.620000000	0.100000000	0.037230826	0.192952912	2.527612471	2.202245518	0.874272666	1.653339805	0.654063898
0.640000000	0.100000000	0.038471744	0.196142153	2.517633139	2.207541390	0.862027402	1.655605737	0.652447023
0.660000000	0.100000000	0.039765629	0.199413212	2.507392300	2.212233097	0.850718384	1.656673916	0.650118808
0.680000000	0.100000000	0.040877041	0.202180714	2.496919542	2.216370610	0.838046629	1.658872913	0.647164379
0.700000000	0.100000000	0.041948105	0.204812365	2.486243538	2.219999631	0.826544624	1.659698914	0.643666210
0.720000000	0.100000000	0.043337677	0.208177032	2.475391823	2.223161909	0.815708407	1.659683415	0.639703253
0.740000000	0.100000000	0.044451903	0.210836200	2.464390635	2.225895549	0.804634375	1.659756260	0.635350332
0.760000000	0.100000000	0.045782137	0.213967606	2.453264817	2.228235305	0.793726508	1.659538309	0.630677737
0.780000000	0.100000000	0.046996691	0.216787202	2.442037752	2.230212857	0.782399834	1.659637919	0.625751005
0.800000000	0.100000000	0.048382920	0.219961178	2.430731343	2.231857066	0.772866345	1.657864998	0.620630824
0.820000000	0.100000000	0.049434885	0.222339570	2.419366010	2.233194219	0.761873271	1.657492739	0.615373055
0.840000000	0.100000000	0.050823927	0.225441627	2.407960720	2.234248254	0.751271149	1.656689571	0.610028831
0.860000000	0.100000000	0.052115903	0.228289079	2.396533022	2.235040967	0.742429271	1.654103751	0.604644715
0.880000000	0.100000000	0.053561182	0.231432888	2.385099102	2.235592208	0.732576911	1.652522191	0.599262910
0.900000000	0.100000000	0.054843470	0.234186827	2.373673839	2.235920054	0.721718417	1.651955423	0.593921487
0.920000000	0.100000000	0.056072118	0.236795520	2.362270876	2.236040975	0.712589212	1.649681664	0.588654638
0.940000000	0.100000000	0.057363217	0.239506194	2.350902683	2.235969979	0.702190040	1.648712642	0.583492934
0.960000000	0.100000000	0.058776783	0.242439235	2.339580629	2.235720754	0.692855098	1.646725532	0.578463589
0.980000000	0.100000000	0.060015680	0.244980979	2.328315056	2.235305786	0.684217150	1.644097905	0.573590715
1.000000000	0.100000000	0.061405980	0.247802299	2.317115338	2.234736476	0.674892286	1.642223053	0.568895573
0.000000000	0.120000000	0.059028773	0.242958377	2.000000000	2.000000000	0.910948800	1.089051200	0.251906336
0.020000000	0.120000000	0.019610493	0.140037468	2.936292695	1.118287110	2.108323518	0.827969176	0.730354360
0.040000000	0.120000000	0.010209213	0.101040650	2.888835271	1.203625107	1.952728865	0.936106406	0.707166044
0.060000000	0.120000000	0.007189385	0.084790242	2.851470084	1.310009202	1.826742725	1.024727358	0.673710776
0.080000000	0.120000000	0.005765513	0.075930976	2.833306581	1.407987333	1.730875269	1.102431312	0.644728122
0.100000000	0.120000000	0.005137696	0.071677722	2.826389033	1.493962414	1.655209458	1.171179575	0.626561938
0.120000000	0.120000000	0.004939884	0.070284312	2.825486095	1.569486626	1.592528193	1.232957902	0.617951704
0.140000000	0.120000000	0.005000172	0.070711891	2.827775918	1.636470419	1.539663769	1.288112149	0.617042401
0.160000000	0.120000000	0.005239411	0.072383775	2.831707614	1.696418763	1.494763565	1.336944049	0.622311430
0.180000000	0.120000000	0.005602585	0.074850418	2.836392628	1.750446335	1.454074099	1.382318529	0.632523672
0.200000000	0.120000000	0.006052249	0.077796201	2.841305238	1.799387747	1.418852430	1.422452807	0.646641958
0.220000000	0.120000000	0.006558037	0.080981708	2.846128201	1.843886977	1.386203005	1.459925195	0.663776885
0.240000000	0.120000000	0.007096413	0.084240213	2.850668253	1.884457202	1.357060241	1.493608012	0.683160636
0.260000000	0.120000000	0.007677311	0.087620266	2.854807561	1.921519133	1.329278447	1.525529114	0.704130994
0.280000000	0.120000000	0.008286574	0.091030620	2.858474957	1.955425715	1.304664869	1.553810088	0.726119351
0.300000000	0.120000000	0.008907106	0.094377466	2.861628597	1.986478494	1.281624128	1.580004469	0.748640547
0.320000000	0.120000000	0.009557207	0.097760968	2.864245410	2.014938856	1.260663429	1.603581981	0.771283870
0.340000000	0.120000000	0.010165608	0.100824642	2.866314646	2.041036037	1.240419919	1.625894727	0.793705011
0.360000000	0.120000000	0.010859685	0.104209810	2.867833893	2.064973006	1.222633520	1.645200373	0.815618839
0.380000000	0.120000000	0.011450318	0.107006159	2.868806595	2.086930893	1.203392011	1.665414584	0.836792877
0.400000000	0.120000000	0.012152538	0.110238551	2.869240459	2.107072401	1.187816427	1.681424032	0.857041354
0.420000000	0.120000000	0.012794847	0.113114309	2.869146399	2.125544467	1.173631665	1.695514735	0.876219748
0.440000000	0.120000000	0.013347857	0.115532928	2.868537807	2.142480373	1.156760056	1.711777751	0.894219750
0.460000000	0.120000000	0.013933625	0.118040778	2.867430003	2.158001449	1.143865240	1.723564763	0.910964618
0.480000000	0.120000000	0.014627797	0.120945428	2.865839818	2.172218448	1.130394709	1.735445109	0.926404884
0.500000000	0.120000000	0.015318484	0.123767862	2.863785242	2.185232699	1.117895102	1.745890141	0.940514413
0.520000000	0.120000000	0.015952020	0.126301305	2.861285132	2.197137060	1.105035775	1.756249357	0.953286806
0.540000000	0.120000000	0.016470874	0.128338904	2.858358948	2.208016735	1.094020297	1.764338651	0.964732138
0.560000000	0.120000000	0.017226706	0.131250548	2.855026533	2.217949979	1.082588360	1.772438173	0.974874029
0.580000000	0.120000000	0.017715687	0.133100289	2.851307911	2.227008708	1.070187944	1.781119967	0.983747029
0.600000000	0.120000000	0.018484656	0.135958286	2.847223111	2.235259043	1.060054649	1.787168463	0.991394323
0.620000000	0.120000000	0.019006661	0.137864649	2.842792019	2.242761792	1.048697568	1.794094451	0.997865706
0.640000000	0.120000000	0.019696212	0.140343194	2.838034244	2.249572888	1.040124266	1.797909978	1.003215849
0.660000000	0.120000000	0.020270754	0.142375397	2.832969012	2.255743782	1.031185710	1.801783303	1.007502804
0.680000000	0.120000000	0.020851986	0.144402169	2.827615074	2.261321804	1.020510865	1.807104209	1.010786737
0.700000000	0.120000000	0.021447542	0.146449793	2.821990631	2.266350490	1.010322307	1.811668324	1.013128874
0.720000000	0.120000000	0.022126093	0.148748422	2.816113279	2.270869889	0.999778040	1.816335238	1.014590625
0.740000000	0.120000000	0.022732621	0.150773410	2.809999963	2.274916841	0.992971228	1.817028735	1.015232870
0.760000000	0.120000000	0.023359118	0.152836901	2.803666949	2.278525232	0.984028159	1.819638790	1.015115394
0.780000000	0.120000000	0.023951925	0.154764096	2.797129804	2.281726236	0.975206298	1.821923506	1.014296439
0.800000000	0.120000000	0.024768495	0.157380097	2.790403383	2.284548533	0.968637184	1.821766199	1.012832363
0.820000000	0.120000000	0.025220260	0.158808879	2.783501831	2.287018511	0.959780650	1.823721181	1.010777393
0.840000000	0.120000000	0.025905667	0.160952374	2.776438589	2.289160456	0.949907501	1.826531087	1.008183447
0.860000000	0.120000000	0.026643514	0.163228412	2.769226400	2.290996723	0.942005093	1.827221307	1.005100027
0.880000000	0.120000000	0.027246206	0.165064249	2.761877331	2.292547896	0.933086025	1.828791305	1.001574159
0.900000000	0.120000000	0.027924321	0.167105718	2.754402788	2.293832938	0.926236899	1.828165889	0.997650376
0.920000000	0.120000000	0.028575137	0.169041820	2.746813544	2.294869324	0.916988549	1.829824996	0.993370733
0.940000000	0.120000000	0.029160425	0.170764238	2.739119757	2.295673165	0.910615069	1.828504688	0.988774857
0.960000000	0.120000000	0.029894924	0.172901488	2.731331001	2.296259329	0.902656624	1.828674376	0.983900005
0.980000000	0.120000000	0.030542590	0.174764384	2.723456291	2.296641538	0.893810350	1.829645941	0.978781147
1.000000000	0.120000000	0.031226158	0.176709248	2.715504114	2.296832473	0.886232689	1.829271425	0.973451058
0.000000000	0.140000000	0.056202378	0.237070407	2.000000000	2.000000000	0.931326400	1.068673600	0.258136386
0.020000000	0.140000000	0.020048339	0.141592157	2.959683265	1.104297144	2.146191299	0.813491966	0.773621858
0.040000000	0.140000000	0.010581711	0.102867446	2.923093004	1.179024236	2.004859854	0.918233150	0.761267141
0.060000000	0.140000000	0.007142570	0.084513726	2.898290540	1.282567272	1.887591939	1.010698601	0.740635946
0.080000000	0.140000000	0.005252333	0.072472978	2.892783457	1.380173870	1.800815046	1.091968411	0.723853940
0.100000000	0.140000000	0.004166466	0.064548167	2.896827100	1.466220008	1.731356598	1.165470502	0.716537279
0.120000000	0.140000000	0.003507632	0.059225267	2.904704849	1.541483569	1.675488510	1.229216339	0.716813643
0.140000000	0.140000000	0.003131594	0.055960651	2.913723749	1.607694057	1.628962327	1.284761423	0.722480416
0.160000000	0.140000000	0.002967727	0.054476849	2.922720207	1.666465766	1.588240050	1.334480157	0.732041659
0.180000000	0.140000000	0.002939017	0.054212705	2.931253536	1.719130317	1.552314000	1.378939536	0.744587730
0.200000000	0.140000000	0.002992281	0.054701744	2.939207093	1.766744961	1.518970680	1.420236413	0.759577584
0.220000000	0.140000000	0.003167516	0.056280690	2.946597676	1.810136977	1.489656707	1.456940969	0.776677657
0.240000000	0.140000000	0.003385602	0.058185927	2.953488091	1.849951409	1.462269680	1.491218412	0.795661280
0.260000000	0.140000000	0.003652773	0.060438177	2.959949245	1.886692792	1.437168513	1.522780732	0.816351031
0.280000000	0.140000000	0.003971359	0.063018720	2.966045210	1.920758759	1.414724602	1.551320608	0.838587946
0.300000000	0.140000000	0.004302125	0.065590590	2.971828529	1.952465990	1.394162915	1.577665613	0.862216451
0.320000000	0.140000000	0.004647789	0.068174692	2.977339837	1.982069833	1.373008659	1.604331178	0.887078090
0.340000000	0.140000000	0.005066616	0.071180164	2.982609137	2.009778993	1.354709006	1.627900131	0.913009987
0.360000000	0.140000000	0.005465657	0.073930083	2.987657555	2.035766502	1.335296253	1.652361302	0.939845720
0.380000000	0.140000000	0.005915303	0.076911006	2.992499107	2.060177906	1.320868445	1.671630663	0.967417330
0.400000000	0.140000000	0.006265636	0.079155773	2.997142283	2.083137413	1.305005512	1.692136771	0.995557738
0.420000000	0.140000000	0.006708349	0.081904511	3.001591406	2.104752506	1.290708003	1.710883403	1.024103181
0.440000000	0.140000000	0.007153944	0.084580994	3.005847763	2.125117431	1.276189960	1.729657803	1.052895443
0.460000000	0.140000000	0.007578849	0.087056584	3.009910527	2.144315851	1.264013488	1.745897039	1.081783788
0.480000000	0.140000000	0.008056368	0.089757275	3.013777504	2.162422852	1.253009613	1.760767891	1.110626524
0.500000000	0.140000000	0.008411209	0.091712646	3.017445715	2.179506490	1.240289279	1.777156436	1.139292193
0.520000000	0.140000000	0.008784047	0.093723245	3.020911857	2.195628965	1.228877707	1.792034149	1.167660405
0.540000000	0.140000000	0.009275080	0.096307218	3.024172651	2.210847536	1.219837543	1.804335108	1.195622335
0.560000000	0.140000000	0.009697713	0.098476968	3.027225100	2.225215223	1.209607363	1.817617737	1.223080922
0.580000000	0.140000000	0.010012025	0.100060107	3.030066671	2.238781349	1.202471357	1.827595313	1.249950806
0.600000000	0.140000000	0.010297963	0.101478880	3.032695416	2.251591977	1.192213012	1.840482403	1.276158058
0.620000000	0.140000000	0.010862578	0.104223694	3.035110048	2.263690244	1.185394505	1.849715543	1.301639729
0.640000000	0.140000000	0.011183828	0.105753619	3.037309977	2.275116632	1.175672771	1.861637206	1.326343273
0.660000000	0.140000000	0.011447203	0.106991604	3.039295313	2.285909191	1.167408995	1.871886319	1.350225869
0.680000000	0.140000000	0.011845674	0.108837834	3.041066848	2.296103717	1.159395009	1.881671840	1.373253682
0.700000000	0.140000000	0.012106895	0.110031337	3.042626024	2.305733912	1.154727037	1.887898987	1.395401082
0.720000000	0.140000000	0.012601006	0.112254204	3.043974884	2.314831507	1.147987196	1.895987688	1.416649861
0.740000000	0.140000000	0.013102786	0.114467403	3.045116024	2.323426384	1.139274932	1.905841092	1.436988449
0.760000000	0.140000000	0.013334718	0.115476049	3.046052527	2.331546680	1.134674152	1.911378375	1.456411153
0.780000000	0.140000000	0.013802995	0.117486149	3.046787909	2.339218878	1.127056196	1.919731713	1.474917429
0.800000000	0.140000000	0.013904838	0.117918776	3.047326057	2.346467900	1.121596617	1.925729440	1.492511205
0.820000000	0.140000000	0.014164782	0.119015890	3.047671172	2.353317185	1.114586642	1.933084530	1.509200234
0.840000000	0.140000000	0.014525626	0.120522306	3.047827711	2.359788772	1.110636903	1.937190808	1.524995520
0.860000000	0.140000000	0.014818076	0.121729521	3.047800339	2.365903374	1.104119995	1.943680343	1.539910777
0.880000000	0.140000000	0.015214148	0.123345646	3.047593876	2.371680451	1.099918648	1.947675228	1.553961950
0.900000000	0.140000000	0.015441273	0.124262917	3.047213260	2.377138277	1.092760090	1.954453170	1.567166790
0.920000000	0.140000000	0.015637528	0.125050104	3.046663503	2.382294010	1.086866421	1.959797082	1.579544470
0.940000000	0.140000000	0.015878428	0.126009634	3.045949658	2.387163756	1.083893286	1.962056372	1.591115254
0.960000000	0.140000000	0.016225134	0.127377920	3.045076788	2.391762630	1.077994315	1.967082473	1.601900205
0.980000000	0.140000000	0.016557067	0.128674266	3.044049941	2.396104819	1.073195294	1.970854648	1.611920935
1.000000000	0.140000000	0.016858684	0.129840997	3.042874127	2.400203635	1.068275737	1.974598390	1.621199394
0.000000000	0.160000000	0.053244270	0.230747200	2.000000000	2.000000000	0.952586400	1.047413600	0.264465205
0.020000000	0.160000000	0.020955472	0.144760050	2.986406969	1.091167143	2.186730304	0.799676665	0.823617540
0.040000000	0.160000000	0.011308113	0.106339612	2.959819736	1.155934558	2.058043059	0.901776677	0.818969791
0.060000000	0.160000000	0.007649935	0.087463909	2.944838014	1.255799352	1.950520215	0.994317799	0.811324744
0.080000000	0.160000000	0.005606214	0.074874657	2.947752680	1.350647811	1.870245315	1.077507365	0.808717504
0.100000000	0.160000000	0.004298507	0.065563001	2.957656257	1.433394383	1.809176073	1.148480184	0.813528877
0.120000000	0.160000000	0.003443235	0.058679086	2.969177485	1.504829768	1.759152745	1.210024740	0.822337552
0.140000000	0.160000000	0.002828322	0.053181974	2.980314056	1.567097515	1.718224839	1.262089217	0.832656507
0.160000000	0.160000000	0.002384519	0.048831537	2.990503679	1.622221398	1.679507171	1.310996507	0.843493607
0.180000000	0.160000000	0.002089643	0.045712616	2.999741784	1.671827300	1.645971564	1.353770220	0.854815113
0.200000000	0.160000000	0.001863803	0.043171786	3.008213942	1.717149381	1.616512509	1.391701433	0.867059316
0.220000000	0.160000000	0.001770264	0.042074509	3.016148813	1.759102299	1.589008097	1.427140715	0.880830913
0.240000000	0.160000000	0.001722531	0.041503388	3.023762398	1.798357791	1.562775955	1.460986443	0.896734660
0.260000000	0.160000000	0.001733755	0.041638388	3.031239464	1.835408601	1.537636679	1.493602785	0.915295611
0.280000000	0.160000000	0.001830032	0.042778868	3.038729827	1.870617403	1.514950030	1.523779798	0.936928505
0.300000000	0.160000000	0.001972060	0.044407880	3.046350348	1.904252830	1.492823857	1.553526491	0.961933346
0.320000000	0.160000000	0.002154474	0.046416316	3.054188868	1.936515556	1.474029297	1.580159571	0.990503964
0.340000000	0.160000000	0.002404675	0.049037490	3.062308558	1.967557061	1.456424856	1.605883703	1.022742173
0.360000000	0.160000000	0.002660038	0.051575552	3.070752047	1.997493127	1.436864189	1.633887858	1.058673559
0.380000000	0.160000000	0.002973889	0.054533371	3.079545122	2.026413538	1.422626850	1.656918273	1.098262789
0.400000000	0.160000000	0.003296820	0.057417943	3.088699931	2.054389089	1.405315655	1.683384276	1.141427452
0.420000000	0.160000000	0.003599348	0.059994570	3.098217706	2.081476643	1.391579402	1.706638304	1.188049969
0.440000000	0.160000000	0.003978628	0.063076367	3.108091055	2.107722793	1.377357828	1.730733227	1.237987505
0.460000000	0.160000000	0.004271317	0.065355314	3.118305854	2.133166503	1.364573269	1.753732585	1.291079938
0.480000000	0.160000000	0.004868968	0.069777991	3.128842822	2.157841019	1.351489328	1.777353494	1.347156077
0.500000000	0.160000000	0.005071845	0.071216886	3.139678800	2.181775246	1.342290279	1.797388521	1.406038331
0.520000000	0.160000000	0.005596089	0.074807012	3.150787797	2.204994737	1.332750365	1.818037432	1.467546076
0.540000000	0.160000000	0.005933990	0.077032397	3.162141845	2.227522406	1.323054740	1.839087105	1.531497956
0.560000000	0.160000000	0.006431207	0.080194807	3.173711682	2.249379047	1.314321522	1.859390160	1.597713332
0.580000000	0.160000000	0.006647602	0.081532829	3.185467308	2.270583708	1.306910961	1.878556347	1.666013100
0.600000000	0.160000000	0.007175064	0.084705750	3.197378443	2.291153972	1.302022884	1.895355558	1.736220055
0.620000000	0.160000000	0.007466608	0.086409536	3.209414883	2.311106176	1.291182827	1.918232057	1.808158953
0.640000000	0.160000000	0.007812300	0.088387216	3.221546811	2.330455581	1.285825830	1.935720981	1.881656420
0.660000000	0.160000000	0.008026245	0.089589311	3.233745034	2.349216519	1.279065079	1.954679954	1.956540795
0.680000000	0.160000000	0.008526446	0.092338758	3.245981188	2.367402518	1.276660600	1.969320588	2.032642005
0.700000000	0.160000000	0.008797155	0.093793148	3.258227914	2.385026420	1.270729027	1.987498887	2.109791521
0.720000000	0.160000000	0.009449051	0.097206230	3.270458989	2.402100484	1.270129988	2.000329001	2.187822421
0.740000000	0.160000000	0.009470239	0.097315153	3.282649452	2.418636493	1.265813974	2.016835478	2.266569605
0.760000000	0.160000000	0.009752670	0.098755607	3.294775697	2.434645844	1.260954076	2.033821621	2.345870131
0.780000000	0.160000000	0.010252079	0.101252550	3.306815554	2.450139638	1.256629173	2.050186381	2.425563684
0.800000000	0.160000000	0.010269529	0.101338684	3.318748348	2.465128763	1.251062959	2.067685389	2.505493151
0.820000000	0.160000000	0.010572445	0.102822393	3.330554952	2.479623967	1.253276888	2.077278064	2.585505277
0.840000000	0.160000000	0.010839306	0.104111989	3.342217808	2.493635922	1.250263822	2.091953986	2.665451364
0.860000000	0.160000000	0.011166273	0.105670586	3.353720953	2.507175281	1.248504888	2.105216065	2.745188001
0.880000000	0.160000000	0.011201997	0.105839485	3.365050014	2.520252722	1.248220821	2.116829193	2.824577780
0.900000000	0.160000000	0.011540937	0.107428755	3.376192201	2.532878984	1.246304035	2.129888165	2.903489970
0.920000000	0.160000000	0.011672726	0.108040392	3.387136280	2.545064893	1.244497958	2.142638322	2.981801137
0.940000000	0.160000000	0.012271802	0.110778165	3.397872538	2.556821377	1.239859008	2.158013530	3.059395687
0.960000000	0.160000000	0.012166865	0.110303512	3.408392739	2.568159470	1.243710340	2.164682398	3.136166304
0.980000000	0.160000000	0.012218485	0.110537255	3.418690063	2.579090317	1.244990438	2.173699625	3.212014298
1.000000000	0.160000000	0.012462966	0.111637656	3.428759045	2.589625160	1.242649902	2.186109143	3.286849834
0.000000000	0.180000000	0.050686077	0.225135685	2.000000000	2.000000000	0.974844800	1.025155200	0.270891486
0.020000000	0.180000000	0.021820861	0.147718858	3.002846844	1.076028545	2.220481160	0.782365684	0.869360314
0.040000000	0.180000000	0.012388865	0.111305277	2.977954599	1.123646056	2.104735163	0.873219436	0.875413851
0.060000000	0.180000000	0.008761404	0.093602374	2.962880926	1.212496296	2.004798085	0.958082841	0.879081526
0.080000000	0.180000000	0.006740584	0.082101060	2.964332003	1.297784251	1.932973155	1.031358848	0.886533270
0.100000000	0.180000000	0.005417082	0.073600832	2.970985695	1.371045751	1.875463509	1.095522185	0.897567383
0.120000000	0.180000000	0.004443515	0.066659699	2.977898834	1.433140752	1.830486758	1.147412077	0.907508835
0.140000000	0.180000000	0.003692882	0.060769088	2.983532854	1.486477870	1.791327840	1.192205014	0.913946080
0.160000000	0.180000000	0.003107773	0.055747407	2.987650116	1.533225048	1.756762138	1.230887978	0.916662499
0.180000000	0.180000000	0.002649423	0.051472547	2.990468232	1.575042196	1.724049434	1.266418798	0.916604570
0.200000000	0.180000000	0.002251808	0.047453218	2.992333876	1.613139084	1.695058199	1.297275677	0.915127328
0.220000000	0.180000000	0.001969458	0.044378579	2.993595350	1.648381862	1.665166347	1.328429003	0.913573700
0.240000000	0.180000000	0.001731693	0.041613613	2.994555354	1.681387259	1.640163339	1.354392016	0.913082410
0.260000000	0.180000000	0.001600734	0.040009179	2.995458025	1.712594808	1.615433175	1.380024850	0.914528513
0.280000000	0.180000000	0.001515397	0.038928097	2.996490683	1.742319501	1.592316377	1.404174307	0.918531536
0.300000000	0.180000000	0.001494420	0.038657733	2.997791322	1.770789268	1.569526549	1.428264773	0.925492392
0.320000000	0.180000000	0.001514409	0.038915407	2.999457600	1.798171338	1.550221635	1.449235965	0.935638102
0.340000000	0.180000000	0.001581386	0.039766643	3.001555420	1.824590629	1.528200886	1.473354534	0.949064272
0.360000000	0.180000000	0.001715681	0.041420785	3.004126338	1.850142522	1.510994810	1.493131529	0.965771316
0.380000000	0.180000000	0.001873643	0.043285604	3.007193625	1.874901696	1.491515891	1.515677735	0.985693553
0.400000000	0.180000000	0.002051047	0.045288487	3.010767055	1.898928248	1.475303339	1.535463716	1.008721686
0.420000000	0.180000000	0.002271288	0.047658027	3.014846612	1.922271909	1.458193083	1.556653530	1.034719708
0.440000000	0.180000000	0.002498387	0.049983866	3.019425308	1.944974969	1.442891037	1.576534271	1.063537347
0.460000000	0.180000000	0.002764309	0.052576694	3.024491304	1.967074293	1.428961148	1.595530156	1.095019047
0.480000000	0.180000000	0.002998522	0.054758763	3.030029490	1.988602724	1.415553702	1.614475788	1.129010321
0.500000000	0.180000000	0.003289637	0.057355354	3.036022658	2.009590057	1.403329382	1.632693276	1.165362139
0.520000000	0.180000000	0.003503319	0.059188844	3.042452354	2.030063712	1.391548363	1.650903991	1.203933840
0.540000000	0.180000000	0.003908545	0.062518357	3.049299503	2.050049209	1.382116736	1.667182767	1.244594980
0.560000000	0.180000000	0.004174504	0.064610401	3.056544858	2.069570494	1.373650866	1.682893992	1.287226362
0.580000000	0.180000000	0.004428711	0.066548559	3.064169307	2.088650164	1.361268968	1.702900339	1.331720493
0.600000000	0.180000000	0.004609369	0.067892335	3.072154093	2.107309627	1.352490966	1.719663127	1.377981604
0.620000000	0.180000000	0.005006796	0.070758719	3.080480949	2.125569205	1.346537516	1.733943432	1.425925351
0.640000000	0.180000000	0.005412731	0.073571267	3.089132185	2.143448208	1.338976804	1.750155381	1.475478287
0.660000000	0.180000000	0.005643412	0.075122644	3.098090731	2.160964978	1.333172784	1.764917947	1.526577160
0.680000000	0.180000000	0.005939123	0.077065706	3.107340144	2.178136922	1.327173760	1.780166384	1.579168088
0.700000000	0.180000000	0.006276944	0.079227166	3.116864602	2.194980528	1.320229937	1.796634665	1.633205653
0.720000000	0.180000000	0.006352773	0.079704286	3.126648873	2.211511374	1.313267607	1.813381267	1.688651933
0.740000000	0.180000000	0.006789331	0.082397398	3.136678278	2.227744138	1.308656949	1.828021328	1.745475494
0.760000000	0.180000000	0.007130509	0.084442344	3.146938642	2.243692597	1.303671652	1.843266991	1.803650374
0.780000000	0.180000000	0.007252682	0.085162681	3.157416249	2.259369635	1.302428843	1.854987407	1.863155056
0.800000000	0.180000000	0.007502737	0.086618344	3.168097784	2.274787241	1.296943914	1.871153870	1.923971461
0.820000000	0.180000000	0.007578553	0.087054884	3.178970281	2.289956521	1.293178491	1.885791790	1.986083957
0.840000000	0.180000000	0.007962337	0.089231926	3.190021076	2.304887702	1.288911160	1.901109916	2.049478403
0.860000000	0.180000000	0.008137686	0.090209124	3.201237754	2.319590143	1.288389437	1.912848318	2.114141243
0.880000000	0.180000000	0.008287550	0.091035983	3.212608108	2.334072354	1.284177357	1.928430751	2.180058640
0.900000000	0.180000000	0.008399510	0.091648843	3.224120096	2.348342009	1.282801970	1.941318127	2.247215679
0.920000000	0.180000000	0.008665258	0.093087369	3.235761810	2.362405971	1.281336403	1.954425407	2.315595629
0.940000000	0.180000000	0.008787809	0.093743313	3.247521441	2.376270315	1.280248288	1.967273153	2.385179282
0.960000000	0.180000000	0.009205057	0.095942991	3.259387261	2.389940362	1.277826157	1.981561104	2.455944367
0.980000000	0.180000000	0.009077752	0.095277239	3.271347600	2.403420706	1.276216657	1.995130943	2.527865040
1.000000000	0.180000000	0.009441545	0.097167615	3.283390837	2.416715253	1.275701628	2.007689209	2.600911462
0.000000000	0.200000000	0.047933252	0.218936638	2.000000000	2.000000000	0.996183200	1.003816800	0.277341265
0.020000000	0.200000000	0.023052743	0.151831298	3.024707104	1.065115801	2.256782061	0.767925043	0.921580925
0.040000000	0.200000000	0.013764093	0.117320471	3.002553663	1.098363123	2.153400588	0.849153075	0.937200560
0.060000000	0.200000000	0.010102645	0.100511915	2.987764599	1.179453573	2.061524012	0.926240587	0.951166926
0.080000000	0.200000000	0.008078800	0.089882147	2.988756702	1.259193578	1.992040848	0.996715854	0.970441164
0.100000000	0.200000000	0.006763706	0.082241751	2.993839505	1.327217430	1.939238610	1.054600895	0.991305678
0.120000000	0.200000000	0.005807658	0.076207993	2.998225554	1.384035306	1.896500775	1.101724780	1.006548700
0.140000000	0.200000000	0.005002434	0.070727887	3.000726146	1.432187086	1.858757752	1.141968394	1.013416984
0.160000000	0.200000000	0.004221665	0.064974339	3.001443782	1.474000335	1.825914982	1.175528800	1.012639889
0.180000000	0.200000000	0.003611615	0.060096712	3.000845370	1.511221413	1.794809775	1.206035596	1.006387923
0.200000000	0.200000000	0.003134815	0.055989416	2.999423195	1.545079851	1.767151459	1.232271736	0.997025718
0.220000000	0.200000000	0.002709915	0.052056847	2.997587080	1.576421820	1.738181697	1.259405384	0.986576995
0.240000000	0.200000000	0.002354529	0.048523490	2.995645253	1.605826849	1.712536870	1.283108383	0.976583417
0.260000000	0.200000000	0.002073533	0.045536063	2.993816009	1.633693890	1.689271308	1.304544700	0.968135516
0.280000000	0.200000000	0.001882716	0.043390280	2.992247012	1.660300784	1.665327227	1.326919785	0.961959333
0.300000000	0.200000000	0.001702056	0.041255987	2.991033673	1.685844168	1.645528003	1.345505671	0.958507426
0.320000000	0.200000000	0.001582266	0.039777711	2.990234056	1.710465945	1.623032844	1.367201212	0.958035873
0.340000000	0.200000000	0.001526405	0.039069235	2.989880130	1.734270785	1.604064533	1.385815597	0.960663525
0.360000000	0.200000000	0.001491859	0.038624588	2.989985927	1.757337725	1.585412414	1.404573513	0.966415340
0.380000000	0.200000000	0.001514190	0.038912600	2.990553314	1.779727900	1.566539194	1.424014120	0.975253142
0.400000000	0.200000000	0.001561206	0.039512102	2.991576014	1.801489749	1.548156914	1.443419100	0.987097053
0.420000000	0.200000000	0.001613733	0.040171290	2.993042382	1.822662551	1.533553061	1.459489321	1.001840281
0.440000000	0.200000000	0.001713022	0.041388672	2.994937303	1.843278858	1.517711892	1.477225411	1.019359256
0.460000000	0.200000000	0.001808990	0.042532227	2.997243491	1.863366195	1.504529701	1.492713789	1.039520575
0.480000000	0.200000000	0.001944335	0.044094613	2.999942372	1.882948264	1.491961845	1.507980528	1.062185760
0.500000000	0.200000000	0.002083589	0.045646347	3.003014687	1.902045819	1.477314497	1.525700190	1.087214537
0.520000000	0.200000000	0.002230740	0.047230713	3.006440904	1.920677296	1.464912580	1.541528324	1.114467113
0.540000000	0.200000000	0.002389997	0.048887599	3.010201506	1.938859304	1.453078287	1.557123219	1.143805761
0.560000000	0.200000000	0.002574516	0.050739693	3.014277188	1.956606981	1.440672069	1.573605119	1.175095939
0.580000000	0.200000000	0.002773816	0.052667031	3.018649005	1.973934287	1.431973775	1.586675230	1.208207090
0.600000000	0.200000000	0.002926751	0.054099451	3.023298470	1.990854220	1.421368739	1.601929731	1.243013203
0.620000000	0.200000000	0.003107521	0.055745142	3.028207634	2.007379001	1.411740202	1.616467431	1.279393220
0.640000000	0.200000000	0.003311672	0.057547128	3.033359141	2.023520211	1.403833049	1.629526092	1.317231316
0.660000000	0.200000000	0.003535976	0.059464073	3.038736274	2.039288914	1.396715487	1.642020786	1.356417089
0.680000000	0.200000000	0.003680204	0.060664687	3.044322983	2.054695742	1.385393382	1.658929601	1.396845676
0.700000000	0.200000000	0.003853978	0.062080414	3.050103910	2.069750976	1.379835931	1.670267980	1.438417813
0.720000000	0.200000000	0.004039053	0.063553544	3.056064406	2.084464598	1.372496871	1.683567535	1.481039840
0.740000000	0.200000000	0.004234641	0.065074118	3.062190535	2.098846346	1.366444548	1.695745987	1.524623670
0.760000000	0.200000000	0.004387169	0.066235707	3.068469080	2.112905741	1.358563470	1.709905610	1.569086719
0.780000000	0.200000000	0.004606619	0.067872080	3.074887542	2.126652122	1.354695606	1.720191935	1.614351806
0.800000000	0.200000000	0.004740569	0.068851789	3.081434125	2.140094656	1.350833428	1.730600697	1.660347022
0.820000000	0.200000000	0.004982761	0.070588673	3.088097735	2.153242359	1.341202161	1.746895574	1.707005581
0.840000000	0.200000000	0.005161381	0.071842750	3.094867953	2.166104100	1.339988049	1.754879905	1.754265644
0.860000000	0.200000000	0.005369351	0.073275857	3.101735025	2.178688605	1.335219484	1.766515541	1.802070136
0.880000000	0.200000000	0.005523446	0.074319889	3.108689835	2.191004459	1.327676191	1.781013643	1.850366536
0.900000000	0.200000000	0.005619852	0.074965670	3.115723882	2.203060102	1.329636486	1.786087396	1.899106667
0.920000000	0.200000000	0.005777277	0.076008404	3.122829255	2.214863828	1.321428302	1.801400953	1.948246474
0.940000000	0.200000000	0.005895245	0.076780498	3.129998606	2.226423779	1.318843539	1.811155067	1.997745791
0.960000000	0.200000000	0.006016939	0.077568930	3.137225120	2.237747937	1.316872449	1.820352671	2.047568117
0.980000000	0.200000000	0.006254475	0.079085241	3.144502486	2.248844122	1.314488600	1.830013886	2.097680372
1.000000000	0.200000000	0.006366588	0.079790904	3.151824867	2.259719980	1.314796458	1.837028409	2.148052674
0.000000000	0.220000000	0.045511019	0.213333117	2.000000000	2.000000000	1.018992800	0.981007200	0.283866558
0.020000000	0.220000000	0.024324682	0.155963719	3.043953082	1.051562332	2.292317461	0.751635621	0.978655300
0.040000000	0.220000000	0.015400487	0.124098699	3.017432337	1.064896576	2.200407467	0.817024870	1.000489511
0.060000000	0.220000000	0.011693691	0.108137372	2.994334796	1.131364171	2.112422376	0.881912420	1.014995736
0.080000000	0.220000000	0.009708597	0.098532213	2.987713221	1.200195697	2.045955213	0.941758008	1.034192352
0.100000000	0.220000000	0.008250881	0.090834358	2.985820165	1.259153832	1.995192191	0.990627975	1.054859711
0.120000000	0.220000000	0.007281724	0.085333016	2.983453274	1.307567271	1.954073360	1.029379914	1.068910949
0.140000000	0.220000000	0.006287810	0.079295714	2.979294910	1.347506338	1.915649758	1.063645152	1.073312029
0.160000000	0.220000000	0.005535160	0.074398655	2.973452233	1.381141384	1.884727938	1.088724295	1.069027809
0.180000000	0.220000000	0.004887622	0.069911532	2.966385450	1.410156406	1.854272056	1.112113394	1.058443694
0.200000000	0.220000000	0.004331342	0.065812930	2.958537389	1.435743170	1.824167103	1.134370286	1.043941804
0.220000000	0.220000000	0.003839448	0.061963278	2.950241734	1.458719594	1.799389741	1.150851994	1.027415395
0.240000000	0.220000000	0.003437801	0.058632762	2.941724784	1.479644798	1.773422314	1.168302471	1.010218746
0.260000000	0.220000000	0.003057150	0.055291497	2.933130605	1.498904901	1.750612413	1.182518192	0.993261850
0.280000000	0.220000000	0.002811823	0.053026621	2.924546373	1.516771534	1.727901982	1.196644391	0.977127470
0.300000000	0.220000000	0.002583851	0.050831596	2.916021995	1.533440340	1.706776618	1.209245378	0.962170365
0.320000000	0.220000000	0.002409140	0.049082989	2.907583809	1.549055978	1.685559915	1.222023893	0.948591261
0.340000000	0.220000000	0.002312141	0.048084726	2.899243646	1.563728369	1.665989051	1.233254595	0.936488822
0.360000000	0.220000000	0.002236166	0.047288115	2.891004656	1.577543317	1.647219353	1.243785303	0.925895063
0.380000000	0.220000000	0.002221641	0.047134288	2.882864951	1.590569549	1.628157355	1.254707596	0.916799099
0.400000000	0.220000000	0.002184738	0.046741184	2.874819869	1.602863448	1.610679502	1.264140367	0.909162946
0.420000000	0.220000000	0.002222467	0.047143052	2.866863353	1.614472301	1.592639268	1.274224085	0.902931977
0.440000000	0.220000000	0.002273873	0.047685144	2.858988784	1.625436570	1.578122810	1.280865974	0.898041838
0.460000000	0.220000000	0.002338904	0.048362213	2.851189480	1.635791509	1.561523598	1.289665881	0.894423008
0.480000000	0.220000000	0.002432568	0.049321068	2.843458983	1.645568342	1.546797682	1.296661301	0.892003811
0.500000000	0.220000000	0.002546066	0.050458553	2.835791227	1.654795117	1.531153247	1.304637980	0.890712384
0.520000000	0.220000000	0.002687092	0.051837166	2.828180620	1.663497358	1.517115666	1.311064954	0.890477967
0.540000000	0.220000000	0.002836546	0.053259233	2.820622085	1.671698545	1.503222979	1.317399106	0.891231727
0.560000000	0.220000000	0.002992414	0.054702961	2.813111061	1.679420477	1.488282139	1.324828923	0.892907283
0.580000000	0.220000000	0.003163102	0.056241458	2.805643497	1.686683549	1.473882492	1.331761005	0.895441014
0.600000000	0.220000000	0.003359373	0.057960098	2.798215823	1.693506965	1.463995713	1.334220110	0.898772231
0.620000000	0.220000000	0.003537858	0.059479898	2.790824917	1.699908893	1.452648927	1.338175990	0.902843255
0.640000000	0.220000000	0.003742577	0.061176607	2.783468074	1.705906592	1.437911035	1.345557040	0.907599424
0.660000000	0.220000000	0.003975304	0.063050015	2.776142959	1.711516499	1.426548479	1.349594480	0.912989054
0.680000000	0.220000000	0.004199660	0.064804787	2.768847575	1.716754307	1.415361466	1.353486108	0.918963378
0.700000000	0.220000000	0.004426113	0.066529036	2.761580216	1.721635015	1.403516492	1.358063724	0.925476454
0.720000000	0.220000000	0.004652800	0.068211436	2.754339438	1.726172973	1.392470579	1.361868859	0.932485061
0.740000000	0.220000000	0.004899462	0.069996160	2.747124015	1.730381921	1.382890428	1.364233587	0.939948591
0.760000000	0.220000000	0.005167929	0.071888310	2.739932912	1.734275014	1.370516347	1.369416565	0.947828927
0.780000000	0.220000000	0.005414857	0.073585710	2.732765250	1.737864846	1.361963116	1.370802135	0.956090330
0.800000000	0.220000000	0.005673560	0.075323037	2.725620284	1.741163478	1.349889690	1.375730594	0.964699312
0.820000000	0.220000000	0.005934817	0.077037762	2.718497370	1.744182453	1.341948682	1.376548687	0.973624522
0.840000000	0.220000000	0.006205758	0.078776635	2.711395951	1.746932815	1.332262272	1.379133679	0.982836625
0.860000000	0.220000000	0.006465828	0.080410371	2.704315535	1.749425131	1.324083719	1.380231816	0.992308189
0.880000000	0.220000000	0.006701536	0.081862907	2.697255676	1.751669504	1.314994612	1.382261064	1.002013576
0.900000000	0.220000000	0.006997214	0.083649352	2.690215966	1.753675592	1.305766828	1.384449138	1.011928834
0.920000000	0.220000000	0.007310798	0.085503204	2.683196014	1.755452624	1.298764565	1.384431449	1.022031593
0.940000000	0.220000000	0.007547953	0.086878957	2.676195446	1.757009420	1.289169423	1.387026023	1.032300974
0.960000000	0.220000000	0.007831833	0.088497647	2.669213889	1.758354400	1.280146129	1.389067761	1.042717487
0.980000000	0.220000000	0.008070692	0.089837028	2.662250970	1.759495609	1.271610559	1.390640411	1.053262952
1.000000000	0.220000000	0.008341402	0.091331279	2.655306307	1.760440727	1.263260069	1.392046238	1.063920410
0.000000000	0.240000000	0.043043648	0.207469632	2.000000000	2.000000000	1.040952800	0.959047200	0.290560179
0.020000000	0.240000000	0.025962001	0.161127283	3.056870643	1.034916177	2.325626813	0.731243830	1.039014223
0.040000000	0.240000000	0.016938305	0.130147242	3.015861211	1.020273363	2.242312783	0.773548428	1.054397405
0.060000000	0.240000000	0.012743933	0.112889031	2.974850503	1.066108368	2.153695237	0.821155266	1.043944972
0.080000000	0.240000000	0.010315587	0.101565676	2.953047126	1.120776968	2.085734469	0.867312657	1.030432272
0.100000000	0.240000000	0.008634788	0.092923558	2.939522818	1.170382992	2.032286289	0.907236529	1.021521934
0.120000000	0.240000000	0.007405129	0.086053062	2.928329201	1.212281257	1.988574732	0.939754468	1.014041416
0.140000000	0.240000000	0.006385163	0.079907214	2.917194750	1.247105445	1.951217979	0.965976771	1.004742441
0.160000000	0.240000000	0.005548129	0.074485766	2.905519188	1.276211653	1.915894288	0.989624900	0.992591087
0.180000000	0.240000000	0.004904219	0.070030129	2.893311847	1.300887450	1.884250135	1.009061712	0.977941353
0.200000000	0.240000000	0.004354997	0.065992403	2.880737784	1.322154335	1.854211908	1.026525876	0.961621945
0.220000000	0.240000000	0.003929366	0.062684652	2.867959493	1.340770750	1.827238422	1.040721072	0.944466561
0.240000000	0.240000000	0.003524747	0.059369583	2.855098041	1.357287467	1.803040940	1.052057102	0.927151255
0.260000000	0.240000000	0.003228178	0.056817057	2.842233895	1.372104058	1.776708048	1.065525847	0.910172002
0.280000000	0.240000000	0.003000367	0.054775603	2.829417009	1.385513188	1.754880606	1.074536403	0.893870552
0.300000000	0.240000000	0.002843873	0.053327979	2.816676540	1.397732364	1.734166776	1.082509763	0.878469862
0.320000000	0.240000000	0.002721347	0.052166527	2.804028076	1.408925942	1.712078985	1.091949091	0.864105887
0.340000000	0.240000000	0.002639983	0.051380768	2.791478560	1.419220273	1.691765773	1.099712787	0.850852645
0.360000000	0.240000000	0.002594576	0.050936977	2.779029506	1.428714162	1.672586142	1.106443363	0.838740941
0.380000000	0.240000000	0.002606889	0.051057705	2.766679085	1.437486182	1.653995734	1.112683350	0.827771974
0.400000000	0.240000000	0.002635408	0.051336228	2.754423477	1.445599845	1.634406301	1.120017176	0.817927086
0.420000000	0.240000000	0.002722937	0.052181764	2.742257738	1.453107313	1.617875051	1.124382687	0.809174675
0.440000000	0.240000000	0.002818427	0.053088857	2.730176364	1.460052089	1.600854487	1.129321877	0.801475057
0.460000000	0.240000000	0.002947562	0.054291454	2.718173652	1.466470996	1.583633704	1.134539947	0.794783855
0.480000000	0.240000000	0.003106735	0.055738093	2.706243925	1.472395650	1.568470938	1.137772988	0.789054347
0.500000000	0.240000000	0.003260547	0.057101198	2.694381683	1.477853564	1.551947248	1.142434435	0.784239061
0.520000000	0.240000000	0.003448023	0.058719873	2.682581681	1.482868985	1.536320432	1.146261249	0.780290846
0.540000000	0.240000000	0.003683372	0.060690790	2.670838978	1.487463538	1.521275997	1.149562981	0.777163579
0.560000000	0.240000000	0.003902789	0.062472305	2.659148966	1.491656719	1.506458432	1.152690534	0.774812607
0.580000000	0.240000000	0.004138041	0.064327605	2.647507376	1.495466283	1.492660256	1.154847120	0.773195014
0.600000000	0.240000000	0.004400212	0.066334096	2.635910277	1.498908542	1.478511865	1.157398412	0.772269768
0.620000000	0.240000000	0.004671325	0.068347093	2.624354071	1.501998608	1.466693857	1.157660215	0.771997776
0.640000000	0.240000000	0.004945487	0.070324158	2.612835482	1.504750576	1.450142107	1.162693374	0.772341895
0.660000000	0.240000000	0.005243810	0.072414158	2.601351539	1.507177677	1.439554391	1.161797148	0.773266891
0.680000000	0.240000000	0.005545721	0.074469595	2.589899567	1.509292392	1.425702672	1.164196895	0.774739393
0.700000000	0.240000000	0.005870615	0.076619938	2.578477167	1.511106554	1.413555929	1.164921238	0.776727816
0.720000000	0.240000000	0.006210140	0.078804444	2.567082199	1.512631413	1.401923256	1.165158943	0.779202291
0.740000000	0.240000000	0.006558944	0.080987310	2.555712764	1.513877707	1.390152069	1.165560695	0.782134575
0.760000000	0.240000000	0.006887855	0.082993100	2.544367190	1.514855700	1.377438071	1.166929119	0.785497978
0.780000000	0.240000000	0.007266517	0.085243868	2.533044008	1.515575228	1.365433867	1.167610141	0.789267278
0.800000000	0.240000000	0.007627828	0.087337439	2.521741939	1.516045726	1.354372410	1.167369529	0.793418647
0.820000000	0.240000000	0.007996096	0.089420893	2.510459877	1.516276255	1.344141511	1.166318366	0.797929571
0.840000000	0.240000000	0.008386425	0.091577426	2.499196866	1.516275520	1.331223708	1.167973158	0.802778786
0.860000000	0.240000000	0.008799552	0.093805925	2.487952091	1.516051892	1.320246550	1.167705542	0.807946205
0.880000000	0.240000000	0.009192806	0.095879122	2.476724858	1.515613417	1.309269277	1.167455581	0.813412861
0.900000000	0.240000000	0.009604805	0.098004105	2.465514581	1.514967833	1.300268218	1.165246362	0.819160840
0.920000000	0.240000000	0.010015349	0.100076716	2.454320765	1.514122580	1.288179549	1.166141216	0.825173234
0.940000000	0.240000000	0.010444904	0.102200312	2.443143001	1.513084808	1.280682882	1.162460118	0.831434082
0.960000000	0.240000000	0.010872735	0.104272409	2.431980944	1.511861390	1.268442869	1.163538075	0.837928327
0.980000000	0.240000000	0.011304648	0.106323318	2.420834313	1.510458928	1.258617363	1.162216950	0.844641764
1.000000000	0.240000000	0.011713888	0.108230718	2.409702871	1.508883763	1.248805581	1.160897291	0.851561004
0.000000000	0.260000000	0.040829324	0.202062673	2.000000000	2.000000000	1.064550400	0.935449600	0.297172650
0.020000000	0.260000000	0.027732122	0.166529642	3.076469479	1.026238569	2.358874802	0.717594677	1.102368973
0.040000000	0.260000000	0.019214292	0.138615627	3.031346367	0.991447834	2.287062336	0.744284032	1.138374328
0.060000000	0.260000000	0.014974454	0.122370151	2.981233793	1.020280801	2.204424031	0.776809761	1.137662123
0.080000000	0.260000000	0.012518015	0.111883936	2.952619640	1.062704278	2.141556447	0.811063193	1.128935930
0.100000000	0.260000000	0.010807724	0.103960205	2.935303164	1.103935840	2.091689396	0.843613768	1.125536192
0.120000000	0.260000000	0.009567784	0.097815048	2.922612617	1.139847571	2.049588876	0.873023741	1.127128244
0.140000000	0.260000000	0.008601541	0.092744495	2.911317144	1.169863256	2.016076086	0.895241058	1.130168048
0.160000000	0.260000000	0.007824737	0.088457541	2.900037693	1.194559534	1.984780283	0.915257410	1.132067298
0.180000000	0.260000000	0.007201498	0.084861638	2.888288230	1.214816507	1.956904849	0.931383380	1.131655428
0.200000000	0.260000000	0.006694827	0.081821923	2.875968879	1.231489182	1.933108246	0.942860633	1.128703998
0.220000000	0.260000000	0.006297176	0.079354750	2.863120807	1.245296369	1.908849762	0.954271044	1.123443759
0.240000000	0.260000000	0.005933855	0.077031517	2.849820099	1.256804467	1.886434944	0.963385155	1.116265172
0.260000000	0.260000000	0.005621084	0.074973886	2.836138531	1.266447043	1.865925708	0.970212823	1.107571440
0.280000000	0.260000000	0.005397931	0.073470613	2.822133105	1.274552962	1.845679807	0.976453298	1.097720659
0.300000000	0.260000000	0.005205958	0.072152323	2.807846264	1.281372303	1.826444741	0.981401523	1.087011219
0.320000000	0.260000000	0.005048216	0.071050798	2.793309080	1.287097035	1.807701175	0.985607905	1.075685000
0.340000000	0.260000000	0.004938584	0.070275058	2.778544551	1.291876456	1.789509918	0.989034634	1.063936233
0.360000000	0.260000000	0.004879557	0.069853823	2.763570203	1.295828406	1.771195519	0.992374685	1.051920935
0.380000000	0.260000000	0.004893170	0.069951195	2.748399918	1.299047297	1.753949565	0.994450353	1.039765112
0.400000000	0.260000000	0.004903780	0.070026998	2.733045157	1.301609880	1.735724593	0.997320564	1.027571368
0.420000000	0.260000000	0.004936222	0.070258251	2.717515757	1.303579412	1.720876094	0.996639663	1.015424028
0.440000000	0.260000000	0.004990706	0.070644926	2.701820437	1.305008691	1.704193844	0.997626593	1.003393059
0.460000000	0.260000000	0.005090763	0.071349586	2.685967128	1.305942304	1.687486127	0.998481002	0.991537048
0.480000000	0.260000000	0.005202549	0.072128698	2.669963181	1.306418316	1.672523086	0.997440095	0.979905485
0.500000000	0.260000000	0.005360004	0.073212048	2.653815504	1.306469545	1.655643657	0.998171848	0.968540500
0.520000000	0.260000000	0.005541625	0.074442092	2.637530662	1.306124556	1.641098315	0.996432347	0.957478213
0.540000000	0.260000000	0.005749426	0.075824970	2.621114933	1.305408423	1.625526182	0.995588751	0.946749776
0.560000000	0.260000000	0.005977449	0.077313963	2.604574359	1.304343342	1.611052935	0.993521424	0.936382202
0.580000000	0.260000000	0.006231287	0.078938499	2.587914777	1.302949110	1.595976915	0.991937862	0.926399009
0.600000000	0.260000000	0.006518459	0.080736974	2.571141846	1.301243513	1.579789124	0.991352722	0.916820743
0.620000000	0.260000000	0.006813975	0.082546804	2.554261065	1.299242640	1.566055455	0.988205610	0.907665402
0.640000000	0.260000000	0.007153861	0.084580499	2.537277789	1.296961136	1.551621847	0.985655942	0.898948774
0.660000000	0.260000000	0.007529614	0.086773346	2.520197243	1.294412413	1.536288931	0.983908312	0.890684723
0.680000000	0.260000000	0.007842962	0.088560498	2.503024530	1.291608821	1.522081565	0.980942965	0.882885423
0.700000000	0.260000000	0.008313265	0.091177108	2.485764644	1.288561790	1.508187123	0.977577521	0.875561555
0.720000000	0.260000000	0.008728279	0.093425261	2.468422473	1.285281949	1.492462641	0.975959832	0.868722474
0.740000000	0.260000000	0.009138524	0.095595626	2.451002807	1.281779225	1.479136569	0.971866238	0.862376350
0.760000000	0.260000000	0.009649414	0.098231429	2.433510345	1.278062925	1.464870619	0.968639726	0.856530295
0.780000000	0.260000000	0.010122297	0.100609628	2.415949697	1.274141807	1.450349467	0.965600230	0.851190463
0.800000000	0.260000000	0.010647751	0.103187941	2.398325392	1.270024140	1.436802859	0.961522532	0.846362146
0.820000000	0.260000000	0.011200445	0.105832156	2.380641876	1.265717754	1.423854244	0.956787632	0.842049854
0.840000000	0.260000000	0.011761732	0.108451520	2.362903520	1.261230084	1.410610137	0.952293383	0.838257384
0.860000000	0.260000000	0.012333904	0.111058110	2.345114621	1.256568209	1.395381138	0.949733483	0.834987884
0.880000000	0.260000000	0.012926520	0.113694856	2.327279402	1.251738879	1.382355467	0.944923935	0.832243910
0.900000000	0.260000000	0.013609750	0.116660832	2.309402020	1.246748551	1.369297753	0.940104266	0.830027471
0.920000000	0.260000000	0.014232570	0.119300337	2.291486558	1.241603406	1.356393621	0.935092937	0.828340075
0.940000000	0.260000000	0.014858500	0.121895446	2.273537038	1.236309379	1.340963161	0.932573878	0.827182769
0.960000000	0.260000000	0.015583421	0.124833573	2.255557413	1.230872168	1.327684696	0.927872717	0.826556169
0.980000000	0.260000000	0.016298884	0.127667081	2.237551572	1.225297260	1.315113212	0.922438360	0.826460497
1.000000000	0.260000000	0.017034135	0.130514885	2.219523342	1.219589942	1.303131232	0.916392110	0.826895604
0.000000000	0.280000000	0.038473332	0.196146201	2.000000000	2.000000000	1.088172800	0.911827200	0.303840099
0.020000000	0.280000000	0.029333093	0.171269065	3.089420465	1.011769829	2.391028026	0.698392439	1.165811916
0.040000000	0.280000000	0.021080750	0.145192113	3.031763395	0.952971631	2.325789122	0.705974273	1.209731228
0.060000000	0.280000000	0.016471810	0.128342549	2.966153147	0.962712411	2.242630623	0.723522524	1.200986167
0.080000000	0.280000000	0.013647157	0.116821045	2.924264340	0.990314078	2.178874105	0.745390235	1.173878201
0.100000000	0.280000000	0.011581832	0.107618920	2.896670725	1.020525653	2.127859470	0.768811255	1.148560078
0.120000000	0.280000000	0.010147833	0.100736451	2.876699556	1.048611558	2.086176875	0.790522681	1.130607157
0.140000000	0.280000000	0.009077783	0.095277399	2.860654507	1.073247946	2.052541648	0.808112860	1.119205301
0.160000000	0.280000000	0.008234366	0.090743407	2.846452250	1.094211775	2.019965026	0.826487224	1.112022977
0.180000000	0.280000000	0.007576215	0.087041454	2.832916574	1.111700246	1.994105957	0.838810617	1.106876916
0.200000000	0.280000000	0.007046398	0.083942825	2.819412121	1.126084157	1.967879050	0.851533071	1.102202729
0.220000000	0.280000000	0.006581159	0.081124341	2.805626669	1.137788203	1.945788582	0.859838087	1.097070977
0.240000000	0.280000000	0.006258691	0.079111889	2.791432545	1.147225251	1.922801747	0.868630798	1.091042584
0.260000000	0.280000000	0.005968657	0.077257082	2.776799310	1.154763026	1.903741597	0.873057712	1.083998626
0.280000000	0.280000000	0.005790206	0.076093406	2.761741678	1.160711791	1.883902567	0.877839111	1.076000487
0.300000000	0.280000000	0.005596974	0.074812925	2.746290820	1.165324507	1.864762735	0.881528084	1.067193928
0.320000000	0.280000000	0.005488094	0.074081674	2.730480142	1.168803255	1.846795305	0.883684837	1.057751421
0.340000000	0.280000000	0.005374950	0.073314054	2.714339333	1.171307875	1.827018218	0.887321115	1.047841671
0.360000000	0.280000000	0.005339270	0.073070310	2.697892690	1.172964599	1.810486193	0.887406497	1.037616080
0.380000000	0.280000000	0.005354689	0.073175744	2.681159425	1.173873613	1.792287707	0.888871718	1.027204693
0.400000000	0.280000000	0.005372867	0.073299844	2.664154682	1.174115242	1.777318973	0.886835709	1.016716861
0.420000000	0.280000000	0.005410108	0.073553435	2.646890669	1.173754783	1.758102852	0.888787818	1.006243876
0.440000000	0.280000000	0.005528915	0.074356677	2.629377647	1.172846183	1.744034200	0.885343448	0.995862111
0.460000000	0.280000000	0.005617752	0.074951661	2.611624700	1.171434789	1.724573025	0.887051675	0.985635984
0.480000000	0.280000000	0.005767404	0.075943424	2.593640293	1.169559383	1.709168049	0.884472244	0.975620484
0.500000000	0.280000000	0.005956127	0.077175947	2.575432653	1.167253680	1.694015518	0.881417135	0.965863200
0.520000000	0.280000000	0.006157789	0.078471581	2.557010010	1.164547435	1.676879140	0.880130870	0.956405889
0.540000000	0.280000000	0.006399392	0.079996203	2.538380746	1.161467253	1.661739312	0.876641433	0.947285671
0.560000000	0.280000000	0.006658387	0.081598941	2.519553459	1.158037192	1.646797214	0.872756245	0.938535917
0.580000000	0.280000000	0.006960566	0.083430007	2.500536999	1.154279216	1.629504286	0.871032713	0.930186899
0.600000000	0.280000000	0.007279072	0.085317480	2.481340456	1.150213536	1.615001421	0.866339034	0.922266278
0.620000000	0.280000000	0.007677165	0.087619433	2.461973136	1.145858862	1.599605180	0.862367956	0.914799452
0.640000000	0.280000000	0.008025339	0.089584255	2.442444531	1.141232609	1.584087230	0.858357301	0.907809814
0.660000000	0.280000000	0.008417219	0.091745402	2.422764267	1.136351050	1.567698085	0.855066183	0.901318948
0.680000000	0.280000000	0.008900245	0.094341111	2.402942070	1.131229441	1.552657741	0.850284330	0.895346768
0.700000000	0.280000000	0.009363748	0.096766463	2.382987716	1.125882122	1.536645463	0.846342254	0.889911627
0.720000000	0.280000000	0.009856110	0.099277945	2.362910990	1.120322598	1.521169773	0.841741217	0.885030404
0.740000000	0.280000000	0.010396110	0.101961315	2.342721648	1.114563607	1.505447553	0.837274095	0.880718570
0.760000000	0.280000000	0.010986718	0.104817548	2.322429381	1.108617183	1.490205396	0.832223986	0.876990247
0.780000000	0.280000000	0.011551406	0.107477466	2.302043784	1.102494703	1.475292047	0.826751737	0.873858257
0.800000000	0.280000000	0.012180085	0.110363421	2.281574322	1.096206932	1.460571044	0.821003278	0.871334163
0.820000000	0.280000000	0.012817345	0.113213714	2.261030315	1.089764066	1.446007773	0.815022542	0.869428317
0.840000000	0.280000000	0.013528724	0.116313043	2.240420908	1.083175766	1.428956671	0.811464237	0.868149896
0.860000000	0.280000000	0.014214762	0.119225675	2.219755060	1.076451191	1.414351022	0.805404037	0.867506937
0.880000000	0.280000000	0.014990403	0.122435303	2.199041523	1.069599027	1.399506335	0.799535188	0.867506382
0.900000000	0.280000000	0.015753187	0.125511702	2.178288837	1.062627521	1.384789925	0.793498912	0.868154110
0.920000000	0.280000000	0.016506564	0.128477875	2.157505317	1.055544501	1.369244742	0.788260576	0.869454976
0.940000000	0.280000000	0.017290520	0.131493421	2.136699048	1.048357403	1.354568187	0.782130861	0.871412848
0.960000000	0.280000000	0.018208424	0.134938593	2.115877880	1.041073296	1.339079790	0.776798090	0.874030644
0.980000000	0.280000000	0.019019690	0.137911891	2.095049424	1.033698901	1.324895546	0.770153878	0.877310370
1.000000000	0.280000000	0.019978198	0.141344254	2.074221052	1.026240613	1.310108253	0.764112799	0.881253154
0.000000000	0.300000000	0.036568373	0.191228589	2.000000000	2.000000000	1.110699200	0.889300800	0.310502319
0.020000000	0.300000000	0.031399419	0.177198811	3.094591413	0.991172029	2.422045534	0.672545878	1.245678452
0.040000000	0.300000000	0.023010648	0.151692610	3.010119955	0.892584865	2.359693019	0.650426936	1.309919668
0.060000000	0.300000000	0.017615556	0.132723608	2.914395088	0.868588411	2.274295050	0.640100038	1.303347371
0.080000000	0.300000000	0.014120620	0.118830215	2.845285609	0.868295668	2.203938147	0.641347463	1.260695780
0.100000000	0.300000000	0.011596137	0.107685361	2.793259286	0.874970998	2.148368092	0.644891194	1.208029639
0.120000000	0.300000000	0.009700378	0.098490498	2.751369642	0.882975323	2.101008692	0.650360950	1.157496295
0.140000000	0.300000000	0.008267276	0.090924563	2.715921847	0.890627302	2.059239617	0.656682231	1.112573842
0.160000000	0.300000000	0.007186680	0.084774286	2.684875234	0.897479853	2.022819644	0.662055590	1.073626314
0.180000000	0.300000000	0.006400791	0.080004941	2.657002448	0.903468465	1.989724104	0.667278344	1.040045699
0.200000000	0.300000000	0.005724971	0.075663535	2.631502828	0.908644544	1.959688700	0.671814128	1.011001088
0.220000000	0.300000000	0.005236342	0.072362571	2.607816310	0.913085888	1.932286161	0.675530149	0.985698766
0.240000000	0.300000000	0.004891108	0.069936456	2.585527190	0.916864878	1.906096976	0.679430214	0.963463296
0.260000000	0.300000000	0.004601222	0.067832305	2.564311829	0.920038314	1.882255345	0.682056484	0.943749779
0.280000000	0.300000000	0.004440479	0.066636920	2.543909642	0.922646507	1.860725008	0.683184634	0.926130559
0.300000000	0.300000000	0.004331442	0.065813694	2.524106852	0.924716345	1.838755855	0.685350997	0.910274628
0.320000000	0.300000000	0.004278279	0.065408558	2.504727135	0.926265590	1.816486522	0.688240613	0.895927348
0.340000000	0.300000000	0.004265907	0.065313914	2.485625791	0.927306975	1.797653801	0.687971991	0.882893219
0.360000000	0.300000000	0.004362089	0.066046109	2.466685573	0.927851437	1.777503080	0.689182493	0.871022210
0.380000000	0.300000000	0.004412854	0.066429317	2.447813227	0.927910325	1.758638905	0.689174322	0.860199258
0.400000000	0.300000000	0.004559597	0.067524789	2.428936329	0.927496650	1.740709008	0.688227321	0.850336294
0.420000000	0.300000000	0.004718267	0.068689644	2.410000284	0.926625604	1.723067256	0.686933028	0.841366184
0.440000000	0.300000000	0.004888435	0.069917345	2.390965495	0.925314562	1.704442229	0.686523266	0.833238075
0.460000000	0.300000000	0.005151048	0.071770804	2.371804750	0.923582772	1.685572409	0.686232341	0.825913784
0.480000000	0.300000000	0.005407017	0.073532419	2.352500863	0.921450891	1.669116807	0.683384056	0.819364965
0.500000000	0.300000000	0.005688212	0.075420233	2.333044613	0.918940474	1.651107804	0.681936809	0.813570866
0.520000000	0.300000000	0.006051743	0.077792953	2.313432977	0.916073485	1.633705456	0.679727521	0.808516548
0.540000000	0.300000000	0.006373126	0.079831863	2.293667658	0.912871872	1.615995604	0.677672054	0.804191473
0.560000000	0.300000000	0.006778892	0.082334024	2.273753869	0.909357218	1.600236031	0.673517838	0.800588382
0.580000000	0.300000000	0.007217970	0.084958638	2.253699365	0.905550480	1.583451017	0.670248348	0.797702409
0.600000000	0.300000000	0.007700282	0.087751249	2.233513669	0.901471791	1.566044449	0.667469221	0.795530391
0.620000000	0.300000000	0.008176453	0.090423742	2.213207479	0.897140338	1.549975210	0.663232269	0.794070321
0.640000000	0.300000000	0.008692940	0.093235936	2.192792201	0.892574292	1.532332631	0.660459570	0.793320933
0.660000000	0.300000000	0.009253611	0.096195693	2.172279613	0.887790770	1.515752145	0.656527468	0.793281383
0.680000000	0.300000000	0.009824659	0.099119416	2.151681605	0.882805845	1.498928724	0.652752881	0.793950996
0.700000000	0.300000000	0.010419631	0.102076595	2.131009994	0.877634565	1.482924252	0.648085742	0.795329091
0.720000000	0.300000000	0.011059878	0.105165954	2.110276398	0.872290995	1.465396187	0.644880212	0.797414833
0.740000000	0.300000000	0.011750242	0.108398531	2.089492142	0.866788266	1.450197929	0.639294213	0.800207138
0.760000000	0.300000000	0.012454543	0.111599923	2.068668200	0.861138635	1.432454945	0.636213255	0.803704593
0.780000000	0.300000000	0.013171380	0.114766634	2.047815163	0.855353536	1.417232782	0.630582380	0.807905404
0.800000000	0.300000000	0.013932296	0.118035146	2.026943214	0.849443645	1.401422206	0.625521009	0.812807356
0.820000000	0.300000000	0.014711898	0.121292614	2.006062127	0.843418931	1.385012607	0.621049520	0.818407792
0.840000000	0.300000000	0.015531139	0.124623989	1.985181260	0.837288716	1.368935378	0.616245882	0.824703593
0.860000000	0.300000000	0.016403297	0.128075357	1.964309568	0.831061718	1.353382072	0.610927496	0.831691168
0.880000000	0.300000000	0.017273572	0.131428961	1.943455608	0.824746104	1.337426566	0.606029041	0.839366454
0.900000000	0.300000000	0.018121985	0.134617921	1.922627552	0.818349532	1.321188586	0.601438966	0.847724916
0.920000000	0.300000000	0.019070826	0.138097162	1.901833202	0.811879188	1.305978999	0.595854204	0.856761548
0.940000000	0.300000000	0.020032512	0.141536257	1.881080002	0.805341827	1.290477481	0.590602521	0.866470883
0.960000000	0.300000000	0.020993227	0.144890395	1.860375050	0.798743799	1.275377471	0.584997579	0.876847000
0.980000000	0.300000000	0.021992546	0.148298842	1.839725114	0.792091087	1.259218553	0.580506561	0.887883535
1.000000000	0.300000000	0.023029423	0.151754483	1.819136646	0.785389329	1.244490566	0.574646080	0.899573693
