0.000000000	0.000000000	0.065860647	0.256633292	3.000000000	3.000000000
0.020000000	0.000000000	0.002038242	0.045146889	4.595249001	1.404750999
0.040000000	0.000000000	0.002950106	0.054314881	4.405130741	1.594869259
0.060000000	0.000000000	0.005492079	0.074108565	4.264882617	1.735117383
0.080000000	0.000000000	0.007875162	0.088742108	4.151962070	1.848037930
0.100000000	0.000000000	0.010069553	0.100347163	4.058079322	1.941920678
0.120000000	0.000000000	0.012131221	0.110141824	3.977960449	2.022039551
0.140000000	0.000000000	0.014101138	0.118748213	3.908138654	2.091861346
0.160000000	0.000000000	0.016005931	0.126514549	3.846281735	2.153718265
0.180000000	0.000000000	0.017862299	0.133649911	3.790765233	2.209234767
0.200000000	0.000000000	0.019680410	0.140286886	3.740417919	2.259582081
0.220000000	0.000000000	0.021466275	0.146513738	3.694369279	2.305630721
0.240000000	0.000000000	0.023223316	0.152391982	3.651955226	2.348044774
0.260000000	0.000000000	0.024953380	0.157966389	3.612657690	2.387342310
0.280000000	0.000000000	0.026657380	0.163270878	3.576064620	2.423935380
0.300000000	0.000000000	0.028335694	0.168332095	3.541842710	2.458157290
0.320000000	0.000000000	0.029988417	0.173171639	3.509718338	2.490281662
0.340000000	0.000000000	0.031615505	0.177807493	3.479463919	2.520536081
0.360000000	0.000000000	0.033216871	0.182254961	3.450887961	2.549112039
0.380000000	0.000000000	0.034792435	0.186527305	3.423827672	2.576172328
0.400000000	0.000000000	0.036342154	0.190636182	3.398143377	2.601856623
0.420000000	0.000000000	0.037866033	0.194591966	3.373714241	2.626285759
0.440000000	0.000000000	0.039364134	0.198403968	3.350434952	2.649565048
0.460000000	0.000000000	0.040836574	0.202080613	3.328213105	2.671786895
0.480000000	0.000000000	0.042283521	0.205629572	3.306967122	2.693032878
0.500000000	0.000000000	0.043705191	0.209057864	3.286624589	2.713375411
0.520000000	0.000000000	0.045101842	0.212371942	3.267120891	2.732879109
0.540000000	0.000000000	0.046473769	0.215577755	3.248398111	2.751601889
0.560000000	0.000000000	0.047821297	0.218680810	3.230404107	2.769595893
0.580000000	0.000000000	0.049144778	0.221686215	3.213091755	2.786908245
0.600000000	0.000000000	0.050444585	0.224598721	3.196418306	2.803581694
0.620000000	0.000000000	0.051721110	0.227422755	3.180344851	2.819655149
0.640000000	0.000000000	0.052974755	0.230162453	3.164835865	2.835164135
0.660000000	0.000000000	0.054205935	0.232821681	3.149858815	2.850141185
0.680000000	0.000000000	0.055415073	0.235404064	3.135383826	2.864616174
0.700000000	0.000000000	0.056602595	0.237912999	3.121383398	2.878616602
0.720000000	0.000000000	0.057768931	0.240351681	3.107832152	2.892167848
0.740000000	0.000000000	0.058914511	0.242723115	3.094706615	2.905293385
0.760000000	0.000000000	0.060039765	0.245030130	3.081985030	2.918014970
0.780000000	0.000000000	0.061145121	0.247275395	3.069647194	2.930352806
0.800000000	0.000000000	0.062231004	0.249461427	3.057674307	2.942325693
0.820000000	0.000000000	0.063297834	0.251590607	3.046048846	2.953951154
0.840000000	0.000000000	0.064346026	0.253665185	3.034754452	2.965245548
0.860000000	0.000000000	0.065375992	0.255687292	3.023775826	2.976224174
0.880000000	0.000000000	0.066388133	0.257658948	3.013098640	2.986901360
0.900000000	0.000000000	0.067382848	0.259582065	3.002709456	2.997290544
0.920000000	0.000000000	0.068360527	0.261458462	2.992595656	3.007404344
0.940000000	0.000000000	0.069321553	0.263289865	2.982745372	3.017254628
0.960000000	0.000000000	0.070266301	0.265077914	2.973147431	3.026852569
0.980000000	0.000000000	0.071195138	0.266824171	2.963791304	3.036208696
1.000000000	0.000000000	0.072108426	0.268530121	2.954667053	3.045332947
0.000000000	0.020000000	0.063793864	0.252574473	3.000000000	3.000000000
0.020000000	0.020000000	0.001978283	0.044477893	4.644011702	1.382050103
0.040000000	0.020000000	0.001999778	0.044718881	4.476309186	1.570300338
0.060000000	0.020000000	0.004125983	0.064233814	4.356982357	1.707915512
0.080000000	0.020000000	0.006209119	0.078797962	4.263146403	1.818135980
0.100000000	0.020000000	0.008115929	0.090088453	4.185327443	1.909350228
0.120000000	0.020000000	0.009824674	0.099119496	4.118298582	1.986749714
0.140000000	0.020000000	0.011404165	0.106790285	4.059054966	2.053749000
0.160000000	0.020000000	0.012890788	0.113537604	4.005745724	2.112671350
0.180000000	0.020000000	0.014291330	0.119546352	3.957146119	2.165159637
0.200000000	0.020000000	0.015664695	0.125158678	3.912396652	2.212415351
0.220000000	0.020000000	0.016974376	0.130285748	3.870866570	2.255341336
0.240000000	0.020000000	0.018290675	0.135243023	3.832077117	2.294631206
0.260000000	0.020000000	0.019535983	0.139771182	3.795655287	2.330827899
0.280000000	0.020000000	0.020814270	0.144271514	3.761304287	2.364363388
0.300000000	0.020000000	0.022056018	0.148512687	3.728783760	2.395586358
0.320000000	0.020000000	0.023274229	0.152558935	3.697896077	2.424781921
0.340000000	0.020000000	0.024498468	0.156519864	3.668476551	2.452185929
0.360000000	0.020000000	0.025712462	0.160351058	3.640386307	2.477995533
0.380000000	0.020000000	0.026912619	0.164050660	3.613506982	2.502377103
0.400000000	0.020000000	0.028087974	0.167594671	3.587736720	2.525472244
0.420000000	0.020000000	0.029275066	0.171099580	3.562987117	2.547402427
0.440000000	0.020000000	0.030424213	0.174425379	3.539180839	2.568272602
0.460000000	0.020000000	0.031593381	0.177745271	3.516249759	2.588174039
0.480000000	0.020000000	0.032737803	0.180935909	3.494133474	2.607186595
0.500000000	0.020000000	0.033869326	0.184036208	3.472778115	2.625380531
0.520000000	0.020000000	0.034982034	0.187034847	3.452135385	2.642817990
0.540000000	0.020000000	0.036090805	0.189975801	3.432161771	2.659554198
0.560000000	0.020000000	0.037190223	0.192847667	3.412817891	2.675638461
0.580000000	0.020000000	0.038292822	0.195685518	3.394067956	2.691114981
0.600000000	0.020000000	0.039353667	0.198377588	3.375879318	2.706023549
0.620000000	0.020000000	0.040412103	0.201027617	3.358222087	2.720400113
0.640000000	0.020000000	0.041485490	0.203679872	3.341068807	2.734277269
0.660000000	0.020000000	0.042502258	0.206160758	3.324394185	2.747684669
0.680000000	0.020000000	0.043554539	0.208697242	3.308174849	2.760649372
0.700000000	0.020000000	0.044570769	0.211117904	3.292389147	2.773196146
0.720000000	0.020000000	0.045583698	0.213503391	3.277016970	2.785347724
0.740000000	0.020000000	0.046553577	0.215762779	3.262039601	2.797125028
0.760000000	0.020000000	0.047541534	0.218040211	3.247439578	2.808547359
0.780000000	0.020000000	0.048506127	0.220241066	3.233200578	2.819632570
0.800000000	0.020000000	0.049478749	0.222438192	3.219307314	2.830397206
0.820000000	0.020000000	0.050408074	0.224517425	3.205745443	2.840856639
0.840000000	0.020000000	0.051354453	0.226615209	3.192501487	2.851025174
0.860000000	0.020000000	0.052305729	0.228704459	3.179562759	2.860916152
0.880000000	0.020000000	0.053194363	0.230639031	3.166917301	2.870542039
0.900000000	0.020000000	0.054095469	0.232584327	3.154553823	2.879914501
0.920000000	0.020000000	0.054972480	0.234462109	3.142461658	2.889044473
0.940000000	0.020000000	0.055856885	0.236340612	3.130630708	2.897942222
0.960000000	0.020000000	0.056730511	0.238181676	3.119051410	2.906617404
0.980000000	0.020000000	0.057578263	0.239954710	3.107714690	2.915079108
1.000000000	0.020000000	0.058400051	0.241661024	3.096611937	2.923335907
0.000000000	0.040000000	0.061649091	0.248292351	3.000000000	3.000000000
0.020000000	0.040000000	0.002161368	0.046490512	4.695940434	1.367238952
0.040000000	0.040000000	0.001160060	0.034059648	4.557586254	1.562419168
0.060000000	0.040000000	0.002793459	0.052853186	4.470001477	1.707172840
0.080000000	0.040000000	0.004662454	0.068282162	4.408967532	1.825407530
0.100000000	0.040000000	0.006416464	0.080102837	4.363421364	1.925487551
0.120000000	0.040000000	0.007986981	0.089369913	4.327575565	2.012282956
0.140000000	0.040000000	0.009375027	0.096824722	4.298247364	2.088908508
0.160000000	0.040000000	0.010669395	0.103292763	4.273550495	2.157466827
0.180000000	0.040000000	0.011836948	0.108797739	4.252294769	2.219459306
0.200000000	0.040000000	0.012919344	0.113663293	4.233692640	2.276008526
0.220000000	0.040000000	0.013936853	0.118054448	4.217203064	2.327982186
0.240000000	0.040000000	0.014827805	0.121769475	4.202442557	2.376066912
0.260000000	0.040000000	0.015761870	0.125546286	4.189131928	2.420815542
0.280000000	0.040000000	0.016602414	0.128850356	4.177063083	2.462679265
0.300000000	0.040000000	0.017394473	0.131888108	4.166077638	2.502030462
0.320000000	0.040000000	0.018183533	0.134846331	4.156052734	2.539179436
0.340000000	0.040000000	0.018962489	0.137704354	4.146891381	2.574386941
0.360000000	0.040000000	0.019686344	0.140308033	4.138515742	2.607873740
0.380000000	0.040000000	0.020433248	0.142944912	4.130862369	2.639827989
0.400000000	0.040000000	0.021135455	0.145380379	4.123878766	2.670411027
0.420000000	0.040000000	0.021863746	0.147863944	4.117520874	2.699761954
0.440000000	0.040000000	0.022541403	0.150137947	4.111751215	2.728001299
0.460000000	0.040000000	0.023189770	0.152281876	4.106537492	2.755233984
0.480000000	0.040000000	0.023888155	0.154557934	4.101851536	2.781551739
0.500000000	0.040000000	0.024514495	0.156571053	4.097668501	2.807035079
0.520000000	0.040000000	0.025190025	0.158713656	4.093966246	2.831754950
0.540000000	0.040000000	0.025803759	0.160635486	4.090724849	2.855774085
0.560000000	0.040000000	0.026462853	0.162674069	4.087926231	2.879148149
0.580000000	0.040000000	0.027050631	0.164470762	4.085553860	2.901926696
0.600000000	0.040000000	0.027668588	0.166338776	4.083592510	2.924153978
0.620000000	0.040000000	0.028315644	0.168272530	4.082028073	2.945869634
0.640000000	0.040000000	0.028888255	0.169965451	4.080847399	2.967109269
0.660000000	0.040000000	0.029493370	0.171736339	4.080038180	2.987904956
0.680000000	0.040000000	0.030083406	0.173445686	4.079588834	3.008285663
0.700000000	0.040000000	0.030647648	0.175064697	4.079488425	3.028277620
0.720000000	0.040000000	0.031230534	0.176721627	4.079726592	3.047904634
0.740000000	0.040000000	0.031781683	0.178274180	4.080293482	3.067188363
0.760000000	0.040000000	0.032358393	0.179884389	4.081179701	3.086148556
0.780000000	0.040000000	0.032891276	0.181359523	4.082376268	3.104803252
0.800000000	0.040000000	0.033462363	0.182927207	4.083874579	3.123168968
0.820000000	0.040000000	0.033993364	0.184372893	4.085666368	3.141260848
0.840000000	0.040000000	0.034522725	0.185802921	4.087743680	3.159092807
0.860000000	0.040000000	0.035031405	0.187166784	4.090098847	3.176677646
0.880000000	0.040000000	0.035560486	0.188574882	4.092724460	3.194027162
0.900000000	0.040000000	0.036114255	0.190037510	4.095613351	3.211152238
0.920000000	0.040000000	0.036580690	0.191260789	4.098758573	3.228062933
0.940000000	0.040000000	0.037065080	0.192522933	4.102153384	3.244768546
0.960000000	0.040000000	0.037618851	0.193955798	4.105791234	3.261277690
0.980000000	0.040000000	0.038049752	0.195063457	4.109665746	3.277598346
1.000000000	0.040000000	0.038580581	0.196419400	4.113770707	3.293737916
0.000000000	0.060000000	0.059484563	0.243894574	3.000000000	3.000000000
0.020000000	0.060000000	0.002629001	0.051273789	4.745996425	1.351880911
0.040000000	0.060000000	0.000590417	0.024298489	4.642019170	1.562064523
0.060000000	0.060000000	0.001585288	0.039815669	4.592357852	1.723385151
0.080000000	0.060000000	0.003107538	0.055745293	4.569950656	1.858748543
0.100000000	0.060000000	0.004727467	0.068756575	4.562748976	1.976746350
0.120000000	0.060000000	0.006294543	0.079338153	4.564866645	2.082303430
0.140000000	0.060000000	0.007807959	0.088362657	4.573137605	2.178403343
0.160000000	0.060000000	0.009332029	0.096602429	4.585659956	2.266917872
0.180000000	0.060000000	0.010633727	0.103119962	4.601194272	2.349089609
0.200000000	0.060000000	0.012007085	0.109576847	4.618885643	2.425793957
0.220000000	0.060000000	0.013241210	0.115070458	4.638117636	2.497679209
0.240000000	0.060000000	0.014396389	0.119984955	4.658428244	2.565244035
0.260000000	0.060000000	0.015474954	0.124398367	4.679458914	2.628883177
0.280000000	0.060000000	0.016582788	0.128774174	4.700922810	2.688916458
0.300000000	0.060000000	0.017573960	0.132566814	4.722584771	2.745608493
0.320000000	0.060000000	0.018547875	0.136190582	4.744248550	2.799182808
0.340000000	0.060000000	0.019455097	0.139481530	4.765748625	2.849832266
0.360000000	0.060000000	0.020229734	0.142231271	4.786944868	2.897726918
0.380000000	0.060000000	0.021132321	0.145369601	4.807718974	2.943019916
0.400000000	0.060000000	0.021829628	0.147748529	4.827971965	2.985851932
0.420000000	0.060000000	0.022583110	0.150276780	4.847622307	3.026354415
0.440000000	0.060000000	0.023259960	0.152512162	4.866604377	3.064651921
0.460000000	0.060000000	0.023980157	0.154855279	4.884867100	3.100863726
0.480000000	0.060000000	0.024576441	0.156768752	4.902372661	3.135104869
0.500000000	0.060000000	0.024918250	0.157855154	4.919095257	3.167486785
0.520000000	0.060000000	0.025536364	0.159801014	4.935019858	3.198117618
0.540000000	0.060000000	0.026261625	0.162054390	4.950140978	3.227102323
0.560000000	0.060000000	0.026687924	0.163364390	4.964461480	3.254542620
0.580000000	0.060000000	0.027057266	0.164490929	4.977991411	3.280536862
0.600000000	0.060000000	0.027692006	0.166409153	4.990746891	3.305179864
0.620000000	0.060000000	0.027963770	0.167223714	5.002749078	3.328562718
0.640000000	0.060000000	0.028496393	0.168808746	5.014023198	3.350772628
0.660000000	0.060000000	0.028726303	0.169488356	5.024597670	3.371892771
0.680000000	0.060000000	0.028847423	0.169845293	5.034503311	3.392002193
0.700000000	0.060000000	0.029327237	0.171251970	5.043772641	3.411175751
0.720000000	0.060000000	0.029530147	0.171843380	5.052439263	3.429484095
0.740000000	0.060000000	0.029951476	0.173064947	5.060537343	3.446993689
0.760000000	0.060000000	0.030257580	0.173947060	5.068101156	3.463766872
0.780000000	0.060000000	0.030615485	0.174972813	5.075164713	3.479861944
0.800000000	0.060000000	0.030647457	0.175064151	5.081761455	3.495333289
0.820000000	0.060000000	0.031008588	0.176092555	5.087924005	3.510231507
0.840000000	0.060000000	0.031144538	0.176478153	5.093683972	3.524603574
0.860000000	0.060000000	0.031299020	0.176915291	5.099071805	3.538493008
0.880000000	0.060000000	0.031539834	0.177594576	5.104116683	3.551940044
0.900000000	0.060000000	0.031732747	0.178136878	5.108846444	3.564981813
0.920000000	0.060000000	0.032193435	0.179425290	5.113287538	3.577652528
0.940000000	0.060000000	0.032288902	0.179691130	5.117465008	3.589983658
0.960000000	0.060000000	0.032359745	0.179888145	5.121402485	3.602004108
0.980000000	0.060000000	0.032585982	0.180515877	5.125122207	3.613740393
1.000000000	0.060000000	0.032855751	0.181261554	5.128645044	3.625216802
0.000000000	0.080000000	0.057296691	0.239367273	3.000000000	3.000000000
0.020000000	0.080000000	0.003483164	0.059018338	4.800609496	1.342904895
0.040000000	0.080000000	0.000413735	0.020340468	4.729505879	1.567162667
0.060000000	0.080000000	0.000576004	0.024000082	4.712882739	1.743031187
0.080000000	0.080000000	0.001398485	0.037396325	4.719556803	1.889384880
0.100000000	0.080000000	0.002425110	0.049245410	4.736288731	2.014050219
0.120000000	0.080000000	0.003473916	0.058939934	4.757355014	2.122382013
0.140000000	0.080000000	0.004551969	0.067468282	4.780199441	2.218169834
0.160000000	0.080000000	0.005576720	0.074677437	4.803619938	2.304088155
0.180000000	0.080000000	0.006672820	0.081687330	4.827027723	2.382049160
0.200000000	0.080000000	0.007694778	0.087719884	4.850128708	2.453447417
0.220000000	0.080000000	0.008789665	0.093753213	4.872776654	2.519320726
0.240000000	0.080000000	0.009810821	0.099049588	4.894901013	2.580455534
0.260000000	0.080000000	0.010891392	0.104361832	4.916469806	2.637457481
0.280000000	0.080000000	0.012033372	0.109696727	4.937470144	2.690800063
0.300000000	0.080000000	0.013036330	0.114176749	4.957898079	2.740859153
0.320000000	0.080000000	0.014132319	0.118879429	4.977753532	2.787938078
0.340000000	0.080000000	0.015277440	0.123601941	4.997037993	2.832286102
0.360000000	0.080000000	0.016405699	0.128084733	5.015753687	2.874112160
0.380000000	0.080000000	0.017547613	0.132467403	5.033903476	2.913595090
0.400000000	0.080000000	0.018568141	0.136264965	5.051491071	2.950891226
0.420000000	0.080000000	0.019654019	0.140192791	5.068521338	2.986139994
0.440000000	0.080000000	0.020654889	0.143718088	5.085000558	3.019467988
0.460000000	0.080000000	0.021820102	0.147716289	5.100936608	3.050991901
0.480000000	0.080000000	0.022689224	0.150629425	5.116339036	3.080820579
0.500000000	0.080000000	0.023733363	0.154056362	5.131219038	3.109056437
0.520000000	0.080000000	0.024737273	0.157280874	5.145589351	3.135796405
0.540000000	0.080000000	0.025665183	0.160203568	5.159464089	3.161132536
0.560000000	0.080000000	0.026700176	0.163401885	5.172858526	3.185152376
0.580000000	0.080000000	0.027243735	0.165056762	5.185788865	3.207939187
0.600000000	0.080000000	0.028195133	0.167914064	5.198271990	3.229572073
0.620000000	0.080000000	0.029389913	0.171434864	5.210325228	3.250126045
0.640000000	0.080000000	0.029689767	0.172307188	5.221966123	3.269672074
0.660000000	0.080000000	0.030480710	0.174587257	5.233212228	3.288277133
0.680000000	0.080000000	0.031153422	0.176503320	5.244080925	3.306004251
0.700000000	0.080000000	0.031867840	0.178515658	5.254589271	3.322912589
0.720000000	0.080000000	0.032381933	0.179949808	5.264753874	3.339057523
0.740000000	0.080000000	0.032983363	0.181613224	5.274590789	3.354490767
0.760000000	0.080000000	0.033718587	0.183626216	5.284115448	3.369260498
0.780000000	0.080000000	0.034202104	0.184938109	5.293342606	3.383411506
0.800000000	0.080000000	0.034842520	0.186661512	5.302286310	3.396985357
0.820000000	0.080000000	0.035366823	0.188060689	5.310959888	3.410020565
0.840000000	0.080000000	0.035853805	0.189351011	5.319375946	3.422552765
0.860000000	0.080000000	0.036092362	0.189979900	5.327546382	3.434614898
0.880000000	0.080000000	0.036203469	0.190272091	5.335482407	3.446237391
0.900000000	0.080000000	0.036557445	0.191200013	5.343194578	3.457448331
0.920000000	0.080000000	0.037190925	0.192849488	5.350692824	3.468273643
0.940000000	0.080000000	0.037590527	0.193882766	5.357986490	3.478737254
0.960000000	0.080000000	0.037922261	0.194736388	5.365084372	3.488861251
0.980000000	0.080000000	0.038394545	0.195945260	5.371994756	3.498666034
1.000000000	0.080000000	0.038190806	0.195424682	5.378725455	3.508170458
0.000000000	0.100000000	0.055082805	0.234697262	3.000000000	3.000000000
0.020000000	0.100000000	0.004609230	0.067891312	4.848239688	1.330995945
0.040000000	0.100000000	0.000754884	0.027475158	4.811094131	1.574695383
0.060000000	0.100000000	0.000262657	0.016206709	4.827552674	1.769833101
0.080000000	0.100000000	0.000528706	0.022993612	4.861736537	1.930087127
0.100000000	0.100000000	0.001004621	0.031695756	4.898868426	2.061917050
0.120000000	0.100000000	0.001574265	0.039677014	4.933076232	2.171275030
0.140000000	0.100000000	0.002070653	0.045504425	4.962689575	2.263595026
0.160000000	0.100000000	0.002662156	0.051596087	4.987946760	2.343412398
0.180000000	0.100000000	0.003207316	0.056633173	5.009782831	2.414224458
0.200000000	0.100000000	0.003849499	0.062044330	5.029230321	2.478569826
0.220000000	0.100000000	0.004562632	0.067547261	5.047173249	2.538213518
0.240000000	0.100000000	0.005376445	0.073324244	5.064282514	2.594346824
0.260000000	0.100000000	0.006192830	0.078694536	5.081029679	2.647757449
0.280000000	0.100000000	0.007148927	0.084551328	5.097725962	2.698958328
0.300000000	0.100000000	0.008144157	0.090244981	5.114563005	2.748279015
0.320000000	0.100000000	0.009252578	0.096190322	5.131647174	2.795928265
0.340000000	0.100000000	0.010295546	0.101466969	5.149025833	2.842036100
0.360000000	0.100000000	0.011489412	0.107188674	5.166706556	2.886681898
0.380000000	0.100000000	0.012774109	0.113022603	5.184670820	2.929913174
0.400000000	0.100000000	0.013979894	0.118236601	5.202883659	2.971758174
0.420000000	0.100000000	0.015171971	0.123174556	5.221300429	3.012234368
0.440000000	0.100000000	0.016448056	0.128249976	5.239871538	3.051354178
0.460000000	0.100000000	0.017683375	0.132978853	5.258545752	3.089128806
0.480000000	0.100000000	0.018870199	0.137368845	5.277272473	3.125570740
0.500000000	0.100000000	0.020201897	0.142133379	5.296003299	3.160695310
0.520000000	0.100000000	0.021363315	0.146161949	5.314693044	3.194521562
0.540000000	0.100000000	0.022682644	0.150607582	5.333300366	3.227072627
0.560000000	0.100000000	0.023997884	0.154912505	5.351788099	3.258375735
0.580000000	0.100000000	0.024844919	0.157622711	5.370123364	3.288461967
0.600000000	0.100000000	0.026307452	0.162195720	5.388277516	3.317365835
0.620000000	0.100000000	0.027043501	0.164449082	5.406225963	3.345124751
0.640000000	0.100000000	0.028501576	0.168824098	5.423947911	3.371778434
0.660000000	0.100000000	0.029645825	0.172179630	5.441426039	3.397368295
0.680000000	0.100000000	0.030645168	0.175057613	5.458646150	3.421936838
0.700000000	0.100000000	0.031081627	0.176299821	5.475596800	3.445527081
0.720000000	0.100000000	0.032225694	0.179515165	5.492268931	3.468182034
0.740000000	0.100000000	0.033589455	0.183274262	5.508655509	3.489944227
0.760000000	0.100000000	0.034199082	0.184929939	5.524751193	3.510855304
0.780000000	0.100000000	0.034719074	0.186330550	5.540552016	3.530955679
0.800000000	0.100000000	0.035962989	0.189639103	5.556055104	3.550284256
0.820000000	0.100000000	0.036206594	0.190280305	5.571258431	3.568878209
0.840000000	0.100000000	0.037227953	0.192945466	5.586160597	3.586772825
0.860000000	0.100000000	0.037635179	0.193997883	5.600760649	3.604001392
0.880000000	0.100000000	0.037965399	0.194847116	5.615057928	3.620595142
0.900000000	0.100000000	0.038617381	0.196513055	5.629051953	3.636583226
0.920000000	0.100000000	0.038776212	0.196916765	5.642742328	3.651992735
0.940000000	0.100000000	0.039196036	0.197979889	5.656128678	3.666848747
0.960000000	0.100000000	0.040051730	0.200129284	5.669210609	3.681174397
0.980000000	0.100000000	0.040553782	0.201379696	5.681987683	3.694990973
1.000000000	0.100000000	0.040975483	0.202424018	5.694459424	3.708318027
0.000000000	0.120000000	0.052930315	0.230065892	3.000000000	3.000000000
0.020000000	0.120000000	0.006486550	0.080539120	4.910564098	1.328876266
0.040000000	0.120000000	0.001979257	0.044488836	4.902712429	1.576211738
0.060000000	0.120000000	0.000824929	0.028721578	4.934763907	1.767902013
0.080000000	0.120000000	0.000575314	0.023985703	4.975743254	1.921294989
0.100000000	0.120000000	0.000647710	0.025450145	5.015822273	2.045528132
0.120000000	0.120000000	0.000838253	0.028952601	5.051887971	2.147518159
0.140000000	0.120000000	0.001047842	0.032370383	5.083311324	2.232705993
0.160000000	0.120000000	0.001247428	0.035318948	5.110406444	2.305292269
0.180000000	0.120000000	0.001484933	0.038534824	5.133806529	2.368460480
0.200000000	0.120000000	0.001705880	0.041302303	5.154199364	2.424591534
0.220000000	0.120000000	0.001895678	0.043539384	5.172218784	2.475451177
0.240000000	0.120000000	0.002049011	0.045266004	5.188407006	2.522342495
0.260000000	0.120000000	0.002323473	0.048202420	5.203209044	2.566224488
0.280000000	0.120000000	0.002601616	0.051006041	5.216980701	2.607801628
0.300000000	0.120000000	0.002967680	0.054476412	5.230001251	2.647590290
0.320000000	0.120000000	0.003271462	0.057196693	5.242486637	2.685967507
0.340000000	0.120000000	0.003641109	0.060341601	5.254601429	2.723206573
0.360000000	0.120000000	0.004041264	0.063570937	5.266468982	2.759503023
0.380000000	0.120000000	0.004607042	0.067875193	5.278179763	2.794993683
0.400000000	0.120000000	0.005164058	0.071861382	5.289798051	2.829770730
0.420000000	0.120000000	0.005756283	0.075870170	5.301367303	2.863892217
0.440000000	0.120000000	0.006489607	0.080558099	5.312914433	2.897390064
0.460000000	0.120000000	0.007178201	0.084724262	5.324453259	2.930276251
0.480000000	0.120000000	0.007981347	0.089338387	5.335987296	2.962547706
0.500000000	0.120000000	0.008619176	0.092839518	5.347512041	2.994190252
0.520000000	0.120000000	0.009692858	0.098452314	5.359016876	3.025181845
0.540000000	0.120000000	0.010525254	0.102592658	5.370486662	3.055495266
0.560000000	0.120000000	0.011522713	0.107343901	5.381903075	3.085100386
0.580000000	0.120000000	0.012490846	0.111762451	5.393245751	3.113966056
0.600000000	0.120000000	0.013427762	0.115878220	5.404493250	3.142061691
0.620000000	0.120000000	0.014375455	0.119897687	5.415623864	3.169358564
0.640000000	0.120000000	0.015421723	0.124184229	5.426616294	3.195830848
0.660000000	0.120000000	0.016599983	0.128840921	5.437450198	3.221456412
0.680000000	0.120000000	0.017517402	0.132353321	5.448106630	3.246217407
0.700000000	0.120000000	0.018542231	0.136169862	5.458568368	3.270100646
0.720000000	0.120000000	0.019798272	0.140706332	5.468820157	3.293097805
0.740000000	0.120000000	0.020646217	0.143687915	5.478848857	3.315205470
0.760000000	0.120000000	0.021836024	0.147770174	5.488643521	3.336425043
0.780000000	0.120000000	0.022688485	0.150626973	5.498195415	3.356762543
0.800000000	0.120000000	0.023717707	0.154005543	5.507497969	3.376228306
0.820000000	0.120000000	0.024522393	0.156596275	5.516546699	3.394836629
0.840000000	0.120000000	0.025654285	0.160169551	5.525339083	3.412605358
0.860000000	0.120000000	0.026540490	0.162912523	5.533874415	3.429555447
0.880000000	0.120000000	0.027313898	0.165269168	5.542153646	3.445710511
0.900000000	0.120000000	0.028044375	0.167464550	5.550179204	3.461096368
0.920000000	0.120000000	0.028848277	0.169847805	5.557954816	3.475740604
0.940000000	0.120000000	0.029535876	0.171860046	5.565485333	3.489672151
0.960000000	0.120000000	0.030484400	0.174597824	5.572776551	3.502920898
0.980000000	0.120000000	0.031081279	0.176298835	5.579835050	3.515517330
1.000000000	0.120000000	0.031753914	0.178196281	5.586668034	3.527492204
0.000000000	0.140000000	0.050886150	0.225579588	3.000000000	3.000000000
0.020000000	0.140000000	0.008404299	0.091674965	4.925408364	1.288676469
0.040000000	0.140000000	0.003408893	0.058385727	4.915127669	1.520073347
0.060000000	0.140000000	0.001742667	0.041745260	4.941288219	1.698794712
0.080000000	0.140000000	0.001081911	0.032892414	4.977998612	1.845536939
0.100000000	0.140000000	0.000904220	0.030070250	5.018157852	1.969602374
0.120000000	0.140000000	0.000985838	0.031398054	5.058567449	2.075797645
0.140000000	0.140000000	0.001195683	0.034578655	5.097358259	2.167177815
0.160000000	0.140000000	0.001437935	0.037920111	5.133414300	2.246089575
0.180000000	0.140000000	0.001661668	0.040763561	5.166174350	2.314550818
0.200000000	0.140000000	0.001888001	0.043451133	5.195487808	2.374352979
0.220000000	0.140000000	0.002096573	0.045788346	5.221481522	2.427069792
0.240000000	0.140000000	0.002198858	0.046891987	5.244445486	2.474050337
0.260000000	0.140000000	0.002308979	0.048051837	5.264745711	2.516422058
0.280000000	0.140000000	0.002393143	0.048919757	5.282765191	2.555107053
0.300000000	0.140000000	0.002472830	0.049727561	5.298868633	2.590847300
0.320000000	0.140000000	0.002638059	0.051362040	5.313384644	2.624233421
0.340000000	0.140000000	0.002650057	0.051478708	5.326599293	2.655732855
0.360000000	0.140000000	0.002641734	0.051397799	5.338756283	2.685714997
0.380000000	0.140000000	0.002734520	0.052292639	5.350060447	2.714472304
0.400000000	0.140000000	0.002869973	0.053572133	5.360682509	2.742237256
0.420000000	0.140000000	0.002866922	0.053543646	5.370763991	2.769195584
0.440000000	0.140000000	0.003037802	0.055116263	5.380421695	2.795496356
0.460000000	0.140000000	0.003172488	0.056324842	5.389751591	2.821259576
0.480000000	0.140000000	0.003273285	0.057212628	5.398832059	2.846581852
0.500000000	0.140000000	0.003489003	0.059067785	5.407726575	2.871540639
0.520000000	0.140000000	0.003672875	0.060604249	5.416485933	2.896197419
0.540000000	0.140000000	0.003884526	0.062325965	5.425150090	2.920600125
0.560000000	0.140000000	0.004204612	0.064842983	5.433749732	2.944785037
0.580000000	0.140000000	0.004462705	0.066803481	5.442307614	2.968778300
0.600000000	0.140000000	0.004697223	0.068536286	5.450839735	2.992597182
0.620000000	0.140000000	0.005169155	0.071896833	5.459356371	3.016251169
0.640000000	0.140000000	0.005482841	0.074046208	5.467863009	3.039742936
0.660000000	0.140000000	0.005800025	0.076157894	5.476361178	3.063069239
0.680000000	0.140000000	0.006305540	0.079407433	5.484849202	3.086221755
0.700000000	0.140000000	0.006757533	0.082204213	5.493322875	3.109187877
0.720000000	0.140000000	0.007165936	0.084651854	5.501776065	3.131951478
0.740000000	0.140000000	0.007661517	0.087530093	5.510201245	3.154493641
0.760000000	0.140000000	0.008307869	0.091147513	5.518589965	3.176793357
0.780000000	0.140000000	0.008848843	0.094068289	5.526933251	3.198828177
0.800000000	0.140000000	0.009403447	0.096971371	5.535221950	3.220574834
0.820000000	0.140000000	0.009933331	0.099666100	5.543447010	3.242009813
0.840000000	0.140000000	0.010495728	0.102448661	5.551599717	3.263109861
0.860000000	0.140000000	0.011265959	0.106141221	5.559671868	3.283852456
0.880000000	0.140000000	0.011978993	0.109448586	5.567655911	3.304216207
0.900000000	0.140000000	0.012461199	0.111629742	5.575545038	3.324181195
0.920000000	0.140000000	0.013213381	0.114949473	5.583333244	3.343729254
0.940000000	0.140000000	0.013858186	0.117720798	5.591015356	3.362844194
0.960000000	0.140000000	0.014584750	0.120767337	5.598587039	3.381511958
0.980000000	0.140000000	0.015187093	0.123235923	5.606044773	3.399720731
1.000000000	0.140000000	0.015811154	0.125742413	5.613385823	3.417460993
0.000000000	0.160000000	0.048808826	0.220927197	3.000000000	3.000000000
0.020000000	0.160000000	0.010298882	0.101483409	4.940158680	1.249651741
0.040000000	0.160000000	0.004956383	0.070401585	4.918305644	1.459455540
0.060000000	0.160000000	0.002846240	0.053350164	4.929172954	1.619914944
0.080000000	0.160000000	0.001837709	0.042868507	4.952200203	1.755057383
0.100000000	0.160000000	0.001458157	0.038185823	4.983375340	1.874213906
0.120000000	0.160000000	0.001476038	0.038419246	5.020324913	1.980929013
0.140000000	0.160000000	0.001711509	0.041370388	5.061020277	2.076968450
0.160000000	0.160000000	0.002104565	0.045875539	5.103750910	2.163551697
0.180000000	0.160000000	0.002481137	0.049811009	5.147134403	2.241684974
0.200000000	0.160000000	0.002824283	0.053143983	5.190078720	2.312228047
0.220000000	0.160000000	0.003255683	0.057058590	5.231737937	2.375913462
0.240000000	0.160000000	0.003477400	0.058969481	5.271483172	2.433375540
0.260000000	0.160000000	0.003897968	0.062433709	5.308885595	2.485187168
0.280000000	0.160000000	0.004003697	0.063274773	5.343700072	2.531890106
0.300000000	0.160000000	0.004143820	0.064372508	5.375841610	2.574010605
0.320000000	0.160000000	0.004492414	0.067025471	5.405353815	2.612060788
0.340000000	0.160000000	0.004548209	0.067440409	5.432373352	2.646531218
0.360000000	0.160000000	0.004608363	0.067884927	5.457095593	2.677880683
0.380000000	0.160000000	0.004743203	0.068870913	5.479745333	2.706527494
0.400000000	0.160000000	0.004937800	0.070269484	5.500554423	2.732844250
0.420000000	0.160000000	0.004833300	0.069521942	5.519746373	2.757156346
0.440000000	0.160000000	0.004846256	0.069615057	5.537526942	2.779743501
0.460000000	0.160000000	0.004886359	0.069902495	5.554079324	2.800843304
0.480000000	0.160000000	0.004963994	0.070455617	5.569562563	2.820655851
0.500000000	0.160000000	0.004927227	0.070194211	5.584112047	2.839348730
0.520000000	0.160000000	0.004879715	0.069854960	5.597841219	2.857061898
0.540000000	0.160000000	0.005009374	0.070776934	5.610843897	2.873912162
0.560000000	0.160000000	0.005033400	0.070946460	5.623196819	2.889997132
0.580000000	0.160000000	0.005011125	0.070789302	5.634962168	2.905398626
0.600000000	0.160000000	0.004917612	0.070125684	5.646189935	2.920185549
0.620000000	0.160000000	0.004914564	0.070103952	5.656920071	2.934416282
0.640000000	0.160000000	0.005003065	0.070732350	5.667184371	2.948140660
0.660000000	0.160000000	0.004806058	0.069325736	5.677008128	2.961401596
0.680000000	0.160000000	0.004896775	0.069976962	5.686411528	2.974236398
0.700000000	0.160000000	0.004855164	0.069679008	5.695410843	2.986677849
0.720000000	0.160000000	0.004900643	0.070004595	5.704019412	2.998755070
0.740000000	0.160000000	0.004730930	0.068781759	5.712248458	3.010494227
0.760000000	0.160000000	0.004883719	0.069883613	5.720107738	3.021919085
0.780000000	0.160000000	0.004741836	0.068860993	5.727606076	3.033051461
0.800000000	0.160000000	0.004652863	0.068211898	5.734751765	3.043911571
0.820000000	0.160000000	0.004708787	0.068620602	5.741552881	3.054518312
0.840000000	0.160000000	0.004728460	0.068763795	5.748017513	3.064889474
0.860000000	0.160000000	0.004512405	0.067174434	5.754153925	3.075041904
0.880000000	0.160000000	0.004540936	0.067386464	5.759970661	3.084991628
0.900000000	0.160000000	0.004698988	0.068549162	5.765476606	3.094753947
0.920000000	0.160000000	0.004573567	0.067628152	5.770681014	3.104343496
0.940000000	0.160000000	0.004536790	0.067355694	5.775593505	3.113774293
0.960000000	0.160000000	0.004477947	0.066917463	5.780224041	3.123059771
0.980000000	0.160000000	0.004615154	0.067934922	5.784582894	3.132212793
1.000000000	0.160000000	0.004562087	0.067543223	5.788680597	3.141245665
0.000000000	0.180000000	0.046848138	0.216444307	3.000000000	3.000000000
0.020000000	0.180000000	0.013095602	0.114436017	4.977801648	1.232974407
0.040000000	0.180000000	0.007580881	0.087068256	4.956262521	1.426584389
0.060000000	0.180000000	0.004727039	0.068753466	4.956759797	1.573320295
0.080000000	0.180000000	0.003074532	0.055448463	4.971902592	1.703365501
0.100000000	0.180000000	0.002192434	0.046823435	5.001542433	1.825009595
0.120000000	0.180000000	0.001900540	0.043595186	5.043084764	1.939755114
0.140000000	0.180000000	0.001927572	0.043904124	5.093507811	2.047759540
0.160000000	0.180000000	0.002213817	0.047051217	5.150171199	2.149033618
0.180000000	0.180000000	0.002658222	0.051557948	5.210911046	2.243626071
0.200000000	0.180000000	0.003187032	0.056453800	5.273941329	2.331599577
0.220000000	0.180000000	0.003816542	0.061778165	5.337744179	2.412992997
0.240000000	0.180000000	0.004400955	0.066339697	5.400999467	2.487813184
0.260000000	0.180000000	0.004993580	0.070665270	5.462558115	2.556056551
0.280000000	0.180000000	0.005679777	0.075364293	5.521446686	2.617746918
0.300000000	0.180000000	0.006505699	0.080657915	5.576885624	2.672973824
0.320000000	0.180000000	0.007121993	0.084391900	5.628305208	2.721919153
0.340000000	0.180000000	0.007795450	0.088291843	5.675348967	2.764866257
0.360000000	0.180000000	0.008433172	0.091832306	5.717861054	2.802191994
0.380000000	0.180000000	0.009049955	0.095131254	5.755859679	2.834346247
0.400000000	0.180000000	0.009689857	0.098437070	5.789501819	2.861825133
0.420000000	0.180000000	0.010243471	0.101210036	5.819045077	2.885143549
0.440000000	0.180000000	0.010673471	0.103312493	5.844811585	2.904811097
0.460000000	0.180000000	0.011124164	0.105471153	5.867157082	2.921313461
0.480000000	0.180000000	0.011660442	0.107983524	5.886446570	2.935099757
0.500000000	0.180000000	0.012086878	0.109940338	5.903036639	2.946575334
0.520000000	0.180000000	0.012409678	0.111398732	5.917263712	2.956098972
0.540000000	0.180000000	0.012563279	0.112086034	5.929437114	2.963983292
0.560000000	0.180000000	0.013014669	0.114081852	5.939835774	2.970497297
0.580000000	0.180000000	0.013146917	0.114660006	5.948707503	2.975870144
0.600000000	0.180000000	0.013276515	0.115223759	5.956269968	2.980295502
0.620000000	0.180000000	0.013413131	0.115815071	5.962712687	2.983936015
0.640000000	0.180000000	0.013766596	0.117331137	5.968199569	2.986927603
0.660000000	0.180000000	0.013702605	0.117058125	5.972871646	2.989383419
0.680000000	0.180000000	0.014003428	0.118336079	5.976849804	2.991397386
0.700000000	0.180000000	0.014026307	0.118432712	5.980237365	2.993047290
0.720000000	0.180000000	0.014159207	0.118992467	5.983122454	2.994397448
0.740000000	0.180000000	0.014116236	0.118811768	5.985580129	2.995500973
0.760000000	0.180000000	0.014419799	0.120082466	5.987674250	2.996401687
0.780000000	0.180000000	0.014275725	0.119481065	5.989459118	2.997135723
0.800000000	0.180000000	0.014340054	0.119749964	5.990980891	2.997732863
0.820000000	0.180000000	0.014489130	0.120370803	5.992278796	2.998217643
0.840000000	0.180000000	0.014488276	0.120367256	5.993386169	2.998610274
0.860000000	0.180000000	0.014225843	0.119272138	5.994331344	2.998927399
0.880000000	0.180000000	0.014512471	0.120467718	5.995138405	2.999182721
0.900000000	0.180000000	0.014456743	0.120236198	5.995827828	2.999387516
0.920000000	0.180000000	0.014389337	0.119955561	5.996417026	2.999551063
0.940000000	0.180000000	0.014649706	0.121035969	5.996920809	2.999680992
0.960000000	0.180000000	0.014574484	0.120724827	5.997351777	2.999783575
0.980000000	0.180000000	0.014488084	0.120366457	5.997720649	2.999863964
1.000000000	0.180000000	0.014665347	0.121100568	5.998036550	2.999926385
0.000000000	0.200000000	0.045032595	0.212208847	3.000000000	3.000000000
0.020000000	0.200000000	0.015226798	0.123396912	4.977887455	1.183045970
0.040000000	0.200000000	0.009433771	0.097127600	4.936476853	1.348829285
0.060000000	0.200000000	0.006248645	0.079048369	4.914616629	1.468281692
0.080000000	0.200000000	0.004187143	0.064708138	4.907258421	1.572237696
0.100000000	0.200000000	0.002932118	0.054149038	4.913251022	1.668460150
0.120000000	0.200000000	0.002244925	0.047380641	4.929584424	1.758505130
0.140000000	0.200000000	0.001866641	0.043204643	4.953382984	1.842678106
0.160000000	0.200000000	0.001706601	0.041311026	4.982310370	1.921049301
0.180000000	0.200000000	0.001758579	0.041935420	5.014561763	1.993712573
0.200000000	0.200000000	0.001905858	0.043656136	5.048786841	2.060856426
0.220000000	0.200000000	0.002151339	0.046382525	5.084007842	2.122769146
0.240000000	0.200000000	0.002439511	0.049391405	5.119543544	2.179817865
0.260000000	0.200000000	0.002739955	0.052344582	5.154941521	2.232419354
0.280000000	0.200000000	0.003089181	0.055580403	5.189919759	2.281011340
0.300000000	0.200000000	0.003414036	0.058429752	5.224318077	2.326028379
0.320000000	0.200000000	0.003758307	0.061305029	5.258059076	2.367883592
0.340000000	0.200000000	0.004199566	0.064804058	5.291117784	2.406956180
0.360000000	0.200000000	0.004509294	0.067151278	5.323498871	2.443583943
0.380000000	0.200000000	0.004898339	0.069988133	5.355220165	2.478059825
0.400000000	0.200000000	0.005209632	0.072177779	5.386301288	2.510631532
0.420000000	0.200000000	0.005484459	0.074057136	5.416756349	2.541503382
0.440000000	0.200000000	0.005801786	0.076169458	5.446589771	2.570839704
0.460000000	0.200000000	0.006115443	0.078201299	5.475794511	2.598769223
0.480000000	0.200000000	0.006452939	0.080330188	5.504352029	2.625389994
0.500000000	0.200000000	0.006735084	0.082067558	5.532233508	2.650774563
0.520000000	0.200000000	0.007035608	0.083878532	5.559401878	2.674975053
0.540000000	0.200000000	0.007132593	0.084454682	5.585814321	2.698028002
0.560000000	0.200000000	0.007505432	0.086633896	5.611424937	2.719958778
0.580000000	0.200000000	0.007741453	0.087985529	5.636187390	2.740785475
0.600000000	0.200000000	0.008043098	0.089683322	5.660057324	2.760522225
0.620000000	0.200000000	0.008250516	0.090832351	5.682994454	2.779181891
0.640000000	0.200000000	0.008636498	0.092932758	5.704964254	2.796778163
0.660000000	0.200000000	0.008687561	0.093207084	5.725939200	2.813327070
0.680000000	0.200000000	0.008852154	0.094085886	5.745899576	2.828847980
0.700000000	0.200000000	0.009142989	0.095618979	5.764833876	2.843364146
0.720000000	0.200000000	0.009357539	0.096734373	5.782738830	2.856902872
0.740000000	0.200000000	0.009618860	0.098075787	5.799619133	2.869495391
0.760000000	0.200000000	0.009738479	0.098683734	5.815486926	2.881176512
0.780000000	0.200000000	0.010076418	0.100381365	5.830361104	2.891984117
0.800000000	0.200000000	0.010210243	0.101045747	5.844266498	2.901958573
0.820000000	0.200000000	0.010314231	0.101559004	5.857233006	2.911142087
0.840000000	0.200000000	0.010590216	0.102908775	5.869294688	2.919578080
0.860000000	0.200000000	0.010640729	0.103153909	5.880488893	2.927310569
0.880000000	0.200000000	0.010867921	0.104249319	5.890855427	2.934383616
0.900000000	0.200000000	0.011030623	0.105026772	5.900435776	2.940840833
0.920000000	0.200000000	0.011137876	0.105536136	5.909272419	2.946724951
0.940000000	0.200000000	0.011340276	0.106490732	5.917408212	2.952077476
0.960000000	0.200000000	0.011516112	0.107313148	5.924885868	2.956938403
0.980000000	0.200000000	0.011543286	0.107439685	5.931747508	2.961346002
1.000000000	0.200000000	0.011773699	0.108506677	5.938034294	2.965336659
0.000000000	0.220000000	0.043211381	0.207873475	3.000000000	3.000000000
0.020000000	0.220000000	0.016991514	0.130351501	4.962855167	1.128944556
0.040000000	0.220000000	0.010760641	0.103733508	4.891309411	1.263441678
0.060000000	0.220000000	0.007216012	0.084947115	4.844087889	1.355486215
0.080000000	0.220000000	0.005009700	0.070779238	4.812821765	1.432853320
0.100000000	0.220000000	0.003525017	0.059371856	4.793288967	1.502167364
0.120000000	0.220000000	0.002541317	0.050411481	4.782086727	1.565361936
0.140000000	0.220000000	0.001824881	0.042718621	4.776957785	1.623461401
0.160000000	0.220000000	0.001349610	0.036737035	4.776320136	1.677136700
0.180000000	0.220000000	0.001016074	0.031875916	4.779001836	1.726871443
0.200000000	0.220000000	0.000797080	0.028232608	4.784117966	1.773048905
0.220000000	0.220000000	0.000648816	0.025471873	4.791000750	1.815997216
0.240000000	0.220000000	0.000532569	0.023077454	4.799149553	1.856010038
0.260000000	0.220000000	0.000469109	0.021658922	4.808191393	1.893354812
0.280000000	0.220000000	0.000438716	0.020945547	4.817849479	1.928275679
0.300000000	0.220000000	0.000423624	0.020582117	4.827918600	1.960994608
0.320000000	0.220000000	0.000435260	0.020862879	4.838246327	1.991712244
0.340000000	0.220000000	0.000462694	0.021510332	4.848718938	2.020608985
0.360000000	0.220000000	0.000474216	0.021776493	4.859251048	2.047846374
0.380000000	0.220000000	0.000510566	0.022595713	4.869778069	2.073568693
0.400000000	0.220000000	0.000561500	0.023695990	4.880250760	2.097904665
0.420000000	0.220000000	0.000593970	0.024371507	4.890631324	2.120969142
0.440000000	0.220000000	0.000665183	0.025791133	4.900890609	2.142864713
0.460000000	0.220000000	0.000720917	0.026849899	4.911006095	2.163683185
0.480000000	0.220000000	0.000739445	0.027192734	4.920960446	2.183506912
0.500000000	0.220000000	0.000827500	0.028766305	4.930740453	2.202409974
0.520000000	0.220000000	0.000876810	0.029610985	4.940336246	2.220459200
0.540000000	0.220000000	0.000913718	0.030227768	4.949740713	2.237715059
0.560000000	0.220000000	0.000942345	0.030697631	4.958949044	2.254232422
0.580000000	0.220000000	0.000989143	0.031450641	4.967958371	2.270061215
0.600000000	0.220000000	0.001006268	0.031721726	4.976767486	2.285246982
0.620000000	0.220000000	0.001071043	0.032726789	4.985376602	2.299831360
0.640000000	0.220000000	0.001136495	0.033711944	4.993787155	2.313852499
0.660000000	0.220000000	0.001122697	0.033506665	5.002001633	2.327345413
0.680000000	0.220000000	0.001221531	0.034950401	5.010023429	2.340342290
0.700000000	0.220000000	0.001217976	0.034899519	5.017856716	2.352872763
0.720000000	0.220000000	0.001244590	0.035278749	5.025506331	2.364964148
0.740000000	0.220000000	0.001285872	0.035859052	5.032977676	2.376641652
0.760000000	0.220000000	0.001282964	0.035818482	5.040276633	2.387928565
0.780000000	0.220000000	0.001332993	0.036510173	5.047409485	2.398846425
0.800000000	0.220000000	0.001364690	0.036941712	5.054382848	2.409415171
0.820000000	0.220000000	0.001343393	0.036652325	5.061203608	2.419653286
0.840000000	0.220000000	0.001391350	0.037300798	5.067878872	2.429577921
0.860000000	0.220000000	0.001375192	0.037083575	5.074415915	2.439205013
0.880000000	0.220000000	0.001400180	0.037418984	5.080822143	2.448549391
0.900000000	0.220000000	0.001358752	0.036861247	5.087105054	2.457624879
0.920000000	0.220000000	0.001395797	0.037360361	5.093272202	2.466444383
0.940000000	0.220000000	0.001455296	0.038148335	5.099331173	2.475019976
0.960000000	0.220000000	0.001397564	0.037384002	5.105289551	2.483362980
0.980000000	0.220000000	0.001459738	0.038206521	5.111154900	2.491484031
1.000000000	0.220000000	0.001394790	0.037346894	5.116934742	2.499393149
0.000000000	0.240000000	0.041558905	0.203860013	3.000000000	3.000000000
0.020000000	0.240000000	0.018863064	0.137342870	4.963605537	1.080471527
0.040000000	0.240000000	0.012289402	0.110857574	4.880279340	1.197431633
0.060000000	0.240000000	0.008841511	0.094029311	4.823323122	1.270936617
0.080000000	0.240000000	0.006556917	0.080974792	4.778925790	1.326480398
0.100000000	0.240000000	0.004975629	0.070538137	4.743594591	1.373220696
0.120000000	0.240000000	0.003810961	0.061732978	4.715095854	1.414396673
0.140000000	0.240000000	0.002933969	0.054166124	4.692015023	1.451586646
0.160000000	0.240000000	0.002287816	0.047831122	4.673334440	1.485696523
0.180000000	0.240000000	0.001809488	0.042538083	4.658252246	1.517294863
0.200000000	0.240000000	0.001427986	0.037788704	4.646114456	1.546765866
0.220000000	0.240000000	0.001128650	0.033595380	4.636384795	1.574388073
0.240000000	0.240000000	0.000892419	0.029873383	4.628625342	1.600376264
0.260000000	0.240000000	0.000686115	0.026193791	4.622480361	1.624904092
0.280000000	0.240000000	0.000541216	0.023264044	4.617661898	1.648116591
0.300000000	0.240000000	0.000421428	0.020528701	4.613937139	1.670137385
0.320000000	0.240000000	0.000329258	0.018145460	4.611117676	1.691073148
0.340000000	0.240000000	0.000246990	0.015715918	4.609050625	1.711016606
0.360000000	0.240000000	0.000189175	0.013754103	4.607611435	1.730048731
0.380000000	0.240000000	0.000153267	0.012380093	4.606698126	1.748240471
0.400000000	0.240000000	0.000109574	0.010467743	4.606226722	1.765654172
0.420000000	0.240000000	0.000080824	0.008990219	4.606127645	1.782344776
0.440000000	0.240000000	0.000062984	0.007936276	4.606342866	1.798360854
0.460000000	0.240000000	0.000047484	0.006890861	4.606823676	1.813745488
0.480000000	0.240000000	0.000039871	0.006314334	4.607528913	1.828537043
0.500000000	0.240000000	0.000036129	0.006010736	4.608423578	1.842769824
0.520000000	0.240000000	0.000036667	0.006055362	4.609477735	1.856474649
0.540000000	0.240000000	0.000037804	0.006148490	4.610665637	1.869679336
0.560000000	0.240000000	0.000042525	0.006521108	4.611965041	1.882409129
0.580000000	0.240000000	0.000053050	0.007283572	4.613356649	1.894687055
0.600000000	0.240000000	0.000066207	0.008136781	4.614823672	1.906534235
0.620000000	0.240000000	0.000078046	0.008834368	4.616351465	1.917970145
0.640000000	0.240000000	0.000089126	0.009440637	4.617927242	1.929012843
0.660000000	0.240000000	0.000108596	0.010420963	4.619539835	1.939679157
0.680000000	0.240000000	0.000122102	0.011049963	4.621179495	1.949984846
0.700000000	0.240000000	0.000143328	0.011971960	4.622837723	1.959944735
0.720000000	0.240000000	0.000167404	0.012938487	4.624507133	1.969572831
0.740000000	0.240000000	0.000181089	0.013456937	4.626181328	1.978882416
0.760000000	0.240000000	0.000215692	0.014686463	4.627854793	1.987886126
0.780000000	0.240000000	0.000219049	0.014800301	4.629522800	1.996596020
0.800000000	0.240000000	0.000252794	0.015899498	4.631181331	2.005023634
0.820000000	0.240000000	0.000259615	0.016112583	4.632826996	2.013180027
0.840000000	0.240000000	0.000299063	0.017293437	4.634456971	2.021075819
0.860000000	0.240000000	0.000316154	0.017780723	4.636068936	2.028721220
0.880000000	0.240000000	0.000348874	0.018678182	4.637661017	2.036126060
0.900000000	0.240000000	0.000364156	0.019082874	4.639231737	2.043299809
0.920000000	0.240000000	0.000381484	0.019531614	4.640779973	2.050251593
0.940000000	0.240000000	0.000420085	0.020495969	4.642304908	2.056990214
0.960000000	0.240000000	0.000437161	0.020908394	4.643805995	2.063524160
0.980000000	0.240000000	0.000467236	0.021615647	4.645282923	2.069861614
1.000000000	0.240000000	0.000478020	0.021863675	4.646735585	2.076010470
0.000000000	0.260000000	0.039940418	0.199850989	3.000000000	3.000000000
0.020000000	0.260000000	0.020379473	0.142756690	4.941183272	1.012449189
0.040000000	0.260000000	0.013439175	0.115927456	4.840863098	1.107905916
0.060000000	0.260000000	0.010111623	0.100556566	4.781931882	1.172444017
0.080000000	0.260000000	0.008017762	0.089541956	4.734721064	1.217310801
0.100000000	0.260000000	0.006523975	0.080771130	4.694465922	1.251973361
0.120000000	0.260000000	0.005361309	0.073220958	4.659070718	1.280385639
0.140000000	0.260000000	0.004474125	0.066888901	4.627507825	1.304617583
0.160000000	0.260000000	0.003752001	0.061253577	4.599182429	1.325905191
0.180000000	0.260000000	0.003168351	0.056288105	4.573667567	1.345032300
0.200000000	0.260000000	0.002701135	0.051972442	4.550611449	1.362515794
0.220000000	0.260000000	0.002321722	0.048184251	4.529707334	1.378707326
0.240000000	0.260000000	0.002036664	0.045129413	4.510684017	1.393852740
0.260000000	0.260000000	0.001794189	0.042357864	4.493302367	1.408128279
0.280000000	0.260000000	0.001569062	0.039611391	4.477353124	1.421663372
0.300000000	0.260000000	0.001391632	0.037304582	4.462654572	1.434555318
0.320000000	0.260000000	0.001237256	0.035174646	4.449049885	1.446878934
0.340000000	0.260000000	0.001110586	0.033325455	4.436404314	1.458693012
0.360000000	0.260000000	0.001020684	0.031948141	4.424602380	1.470044714
0.380000000	0.260000000	0.000930115	0.030497791	4.413545240	1.480972617
0.400000000	0.260000000	0.000866071	0.029429087	4.403148296	1.491508856
0.420000000	0.260000000	0.000826985	0.028757350	4.393339079	1.501680661
0.440000000	0.260000000	0.000783330	0.027988035	4.384055404	1.511511466
0.460000000	0.260000000	0.000737390	0.027154933	4.375243802	1.521021731
0.480000000	0.260000000	0.000723621	0.026900198	4.366858163	1.530229552
0.500000000	0.260000000	0.000720986	0.026851178	4.358858606	1.539151111
0.520000000	0.260000000	0.000728022	0.026981878	4.351210512	1.547801030
0.540000000	0.260000000	0.000706460	0.026579315	4.343883717	1.556192631
0.560000000	0.260000000	0.000704730	0.026546754	4.336851825	1.564338141
0.580000000	0.260000000	0.000724499	0.026916523	4.330091644	1.572248854
0.600000000	0.260000000	0.000734892	0.027108890	4.323582696	1.579935253
0.620000000	0.260000000	0.000756302	0.027500951	4.317306820	1.587407110
0.640000000	0.260000000	0.000751859	0.027420041	4.311247830	1.594673570
0.660000000	0.260000000	0.000790112	0.028108926	4.305391233	1.601743213
0.680000000	0.260000000	0.000813024	0.028513573	4.299723986	1.608624109
0.700000000	0.260000000	0.000835311	0.028901742	4.294234301	1.615323870
0.720000000	0.260000000	0.000872485	0.029537850	4.288911471	1.621849678
0.740000000	0.260000000	0.000891003	0.029849673	4.283745731	1.628208332
0.760000000	0.260000000	0.000912521	0.030207966	4.278728141	1.634406265
0.780000000	0.260000000	0.000949042	0.030806531	4.273850480	1.640449580
0.800000000	0.260000000	0.000986490	0.031408438	4.269105162	1.646344068
0.820000000	0.260000000	0.001021019	0.031953395	4.264485168	1.652095232
0.840000000	0.260000000	0.001043493	0.032303135	4.259983980	1.657708302
0.860000000	0.260000000	0.001080769	0.032875053	4.255595529	1.663188256
0.880000000	0.260000000	0.001125790	0.033552792	4.251314154	1.668539836
0.900000000	0.260000000	0.001160453	0.034065428	4.247134558	1.673767558
0.920000000	0.260000000	0.001193426	0.034545998	4.243051779	1.678875730
0.940000000	0.260000000	0.001232520	0.035107261	4.239061160	1.683868462
0.960000000	0.260000000	0.001281029	0.035791462	4.235158323	1.688749678
0.980000000	0.260000000	0.001308698	0.036175928	4.231339146	1.693523125
1.000000000	0.260000000	0.001355241	0.036813602	4.227599747	1.698192386
0.000000000	0.280000000	0.038445617	0.196075539	3.000000000	3.000000000
0.020000000	0.280000000	0.021838150	0.147777366	4.916847658	0.947138497
0.040000000	0.280000000	0.014445412	0.120189066	4.798236597	1.018394230
0.060000000	0.280000000	0.011258248	0.106104893	4.741233629	1.077538729
0.080000000	0.280000000	0.009279749	0.096331454	4.694560433	1.115704004
0.100000000	0.280000000	0.007902503	0.088896025	4.651708547	1.141912639
0.120000000	0.280000000	0.006833684	0.082666098	4.611899666	1.161449458
0.140000000	0.280000000	0.005941995	0.077084336	4.574877340	1.176940057
0.160000000	0.280000000	0.005245709	0.072427264	4.540436090	1.189800364
0.180000000	0.280000000	0.004643210	0.068141102	4.508369862	1.200860264
0.200000000	0.280000000	0.004137153	0.064320704	4.478467657	1.210634954
0.220000000	0.280000000	0.003755671	0.061283527	4.450520613	1.219458140
0.240000000	0.280000000	0.003378367	0.058123721	4.424329681	1.227553453
0.260000000	0.280000000	0.003113054	0.055794753	4.399710740	1.235075034
0.280000000	0.280000000	0.002847445	0.053361460	4.376497088	1.242131679
0.300000000	0.280000000	0.002651829	0.051495914	4.354540061	1.248801777
0.320000000	0.280000000	0.002479031	0.049789872	4.333708450	1.255142871
0.340000000	0.280000000	0.002340981	0.048383689	4.313887236	1.261197939
0.360000000	0.280000000	0.002188570	0.046782155	4.294976005	1.266999624
0.380000000	0.280000000	0.002103057	0.045859098	4.276887260	1.272573127
0.400000000	0.280000000	0.002040177	0.045168317	4.259544776	1.277938229
0.420000000	0.280000000	0.002010993	0.044844091	4.242882077	1.283110728
0.440000000	0.280000000	0.001958151	0.044250997	4.226841069	1.288103459
0.460000000	0.280000000	0.001926817	0.043895520	4.211370848	1.292927047
0.480000000	0.280000000	0.001891602	0.043492546	4.196426663	1.297590454
0.500000000	0.280000000	0.001900122	0.043590389	4.181969032	1.302101379
0.520000000	0.280000000	0.001901975	0.043611641	4.167962990	1.306466569
0.540000000	0.280000000	0.001921860	0.043839022	4.154377455	1.310692035
0.560000000	0.280000000	0.001954274	0.044207174	4.141184682	1.314783225
0.580000000	0.280000000	0.001973735	0.044426733	4.128359814	1.318745151
0.600000000	0.280000000	0.002019049	0.044933833	4.115880489	1.322582478
0.620000000	0.280000000	0.002071859	0.045517679	4.103726512	1.326299598
0.640000000	0.280000000	0.002131289	0.046165882	4.091879579	1.329900683
0.660000000	0.280000000	0.002163473	0.046513147	4.080323034	1.333389715
0.680000000	0.280000000	0.002265993	0.047602450	4.069041668	1.336770523
0.700000000	0.280000000	0.002300711	0.047965726	4.058021544	1.340046795
0.720000000	0.280000000	0.002365625	0.048637692	4.047249843	1.343222097
0.740000000	0.280000000	0.002441151	0.049408004	4.036714738	1.346299880
0.760000000	0.280000000	0.002529242	0.050291570	4.026405281	1.349283488
0.780000000	0.280000000	0.002607570	0.051064367	4.016311307	1.352176159
0.800000000	0.280000000	0.002689548	0.051860853	4.006423345	1.354981033
0.820000000	0.280000000	0.002739586	0.052341053	3.996732553	1.357701150
0.840000000	0.280000000	0.002837986	0.053272755	3.987230646	1.360339452
0.860000000	0.280000000	0.002902029	0.053870484	3.977909846	1.362898786
0.880000000	0.280000000	0.002998313	0.054756854	3.968762834	1.365381902
0.900000000	0.280000000	0.003103577	0.055709759	3.959782700	1.367791454
0.920000000	0.280000000	0.003179374	0.056385935	3.950962916	1.370130003
0.940000000	0.280000000	0.003303589	0.057476854	3.942297294	1.372400016
0.960000000	0.280000000	0.003382999	0.058163550	3.933779966	1.374603869
0.980000000	0.280000000	0.003436255	0.058619578	3.925405348	1.376743846
1.000000000	0.280000000	0.003532205	0.059432356	3.917168130	1.378822141
0.000000000	0.300000000	0.037059280	0.192507870	3.000000000	3.000000000
0.020000000	0.300000000	0.022420529	0.149734863	4.848111096	0.843948171
0.040000000	0.300000000	0.013473125	0.116073792	4.658334758	0.849796634
0.060000000	0.300000000	0.009696621	0.098471423	4.564030578	0.879714218
0.080000000	0.300000000	0.007677143	0.087619305	4.502325577	0.907527514
0.100000000	0.300000000	0.006372121	0.079825564	4.452710555	0.929299816
0.120000000	0.300000000	0.005402744	0.073503357	4.408087312	0.945500361
0.140000000	0.300000000	0.004647958	0.068175932	4.366561997	0.957705579
0.160000000	0.300000000	0.004063278	0.063743846	4.327835423	0.967322985
0.180000000	0.300000000	0.003571704	0.059763733	4.291865759	0.975300653
0.200000000	0.300000000	0.003144560	0.056076375	4.258535321	0.982208595
0.220000000	0.300000000	0.002782827	0.052752504	4.227638101	0.988377409
0.240000000	0.300000000	0.002538105	0.050379608	4.198928211	0.994001728
0.260000000	0.300000000	0.002282951	0.047780232	4.172158516	0.999202075
0.280000000	0.300000000	0.002130214	0.046154238	4.147100743	1.004058276
0.300000000	0.300000000	0.001949145	0.044149123	4.123552754	1.008626685
0.320000000	0.300000000	0.001819541	0.042656081	4.101339065	1.012949014
0.340000000	0.300000000	0.001693596	0.041153318	4.080308530	1.017057080
0.360000000	0.300000000	0.001634347	0.040427056	4.060331189	1.020975574
0.380000000	0.300000000	0.001548621	0.039352527	4.041295177	1.024723881
0.400000000	0.300000000	0.001499711	0.038726098	4.023103989	1.028317386
0.420000000	0.300000000	0.001452338	0.038109548	4.005674172	1.031768463
0.440000000	0.300000000	0.001423972	0.037735551	3.988933381	1.035087237
0.460000000	0.300000000	0.001426396	0.037767654	3.972818759	1.038282169
0.480000000	0.300000000	0.001420942	0.037695389	3.957275557	1.041360497
0.500000000	0.300000000	0.001409410	0.037542108	3.942255973	1.044328562
0.520000000	0.300000000	0.001412530	0.037583637	3.927718151	1.047192040
0.540000000	0.300000000	0.001440624	0.037955549	3.913625328	1.049956110
0.560000000	0.300000000	0.001460625	0.038218124	3.899945105	1.052625560
0.580000000	0.300000000	0.001498551	0.038711127	3.886648819	1.055204871
0.600000000	0.300000000	0.001537520	0.039211226	3.873711006	1.057698259
0.620000000	0.300000000	0.001583440	0.039792461	3.861108948	1.060109710
0.640000000	0.300000000	0.001622526	0.040280592	3.848822285	1.062443002
0.660000000	0.300000000	0.001673445	0.040907768	3.836832685	1.064701713
0.680000000	0.300000000	0.001741850	0.041735482	3.825123565	1.066889239
0.700000000	0.300000000	0.001804714	0.042481925	3.813679856	1.069008793
0.720000000	0.300000000	0.001866765	0.043206072	3.802487806	1.071063420
0.740000000	0.300000000	0.001915950	0.043771563	3.791534811	1.073055994
0.760000000	0.300000000	0.001988312	0.044590491	3.780809271	1.074989236
0.780000000	0.300000000	0.002058169	0.045367051	3.770300472	1.076865710
0.800000000	0.300000000	0.002134785	0.046203734	3.759998486	1.078687840
0.820000000	0.300000000	0.002225261	0.047172669	3.749894080	1.080457911
0.840000000	0.300000000	0.002307935	0.048040970	3.739978646	1.082178078
0.860000000	0.300000000	0.002367037	0.048652202	3.730244133	1.083850378
0.880000000	0.300000000	0.002472025	0.049719465	3.720682999	1.085476729
0.900000000	0.300000000	0.002534048	0.050339331	3.711288159	1.087058947
0.920000000	0.300000000	0.002632139	0.051304380	3.702052943	1.088598745
0.940000000	0.300000000	0.002710678	0.052064167	3.692971064	1.090097745
0.960000000	0.300000000	0.002825438	0.053154848	3.684036585	1.091557479
0.980000000	0.300000000	0.002887606	0.053736452	3.675243890	1.092979402
1.000000000	0.300000000	0.002987277	0.054655989	3.666587659	1.094364891
