0.0001	0	0.0197624	0.0198839	0.0201238	0.0205097	0.0213692	0.0231447	0.0272384	0.152032
0.0001	1	0.0197795	0.0197793	0.0199054	0.0201633	0.0205962	0.0215566	0.0236015	0.145382
0.0001	2	0.0197859	0.0197857	0.0198166	0.0199795	0.0202903	0.0208666	0.0220402	0.142565
0.0001	3	0.0197973	0.0197977	0.0198023	0.0198717	0.0200822	0.0204881	0.0211743	0.141014
0.0001	4	0.0198087	0.0198081	0.0198072	0.0198393	0.0199576	0.0202322	0.0206841	0.140137
0.0001	5	0.0198147	0.0198151	0.019813	0.019829	0.019894	0.0200624	0.0203715	0.1396
0.0001	6	0.0198199	0.0198198	0.0198187	0.0198284	0.019865	0.0199615	0.0201572	0.139271

0.0002	0	0.0190573	0.0192956	0.0197707	0.0205517	0.0223325	0.0261929	0.0359459	0.163147
0.0002	1	0.0190912	0.0190909	0.0193392	0.019851	0.0207264	0.0227117	0.0272142	0.148025
0.0002	2	0.0191041	0.0191036	0.0191641	0.0194853	0.0201048	0.0212737	0.0237388	0.141974
0.0002	3	0.0191265	0.0191273	0.0191362	0.0192722	0.0196879	0.0204996	0.0219061	0.138756
0.0002	4	0.0191487	0.0191477	0.0191459	0.0192085	0.0194405	0.0199843	0.0208954	0.136971
0.0002	5	0.0191606	0.0191614	0.0191574	0.0191885	0.0193153	0.0196462	0.0202621	0.135891
0.0002	6	0.0191708	0.0191705	0.0191684	0.0191873	0.0192586	0.0194472	0.0198333	0.135236

0.0003	0	0.0182906	0.0186391	0.0193415	0.0205223	0.0232858	0.0295805	0.0467719	0.176432
0.0003	1	0.0183406	0.0183402	0.0187047	0.0194631	0.0207857	0.023857	0.0312819	0.150773
0.0003	2	0.0183597	0.0183591	0.0184472	0.0189197	0.0198414	0.021614	0.0254884	0.14103
0.0003	3	0.0183926	0.0183937	0.0184066	0.0186053	0.0192181	0.0204303	0.0225857	0.136032
0.0003	4	0.0184251	0.0184237	0.018421	0.018512	0.0188513	0.0196552	0.0210274	0.133316
0.0003	5	0.0184425	0.0184436	0.0184378	0.0184829	0.0186675	0.0191526	0.0200686	0.131695
0.0003	6	0.0184573	0.0184569	0.0184539	0.0184813	0.0185848	0.0188598	0.0194282	0.130722

0.0004	0	0.0174633	0.0179138	0.0188316	0.0204115	0.0242161	0.033338	0.0598258	0.192
0.0004	1	0.0175286	0.017528	0.0180009	0.0189941	0.0207625	0.0249746	0.0358395	0.153628
0.0004	2	0.0175536	0.0175527	0.0176663	0.0182802	0.0194927	0.0218725	0.0272702	0.139688
0.0004	3	0.0175962	0.0175976	0.0176141	0.0178705	0.0186685	0.0202697	0.0231948	0.132811
0.0004	4	0.0176381	0.0176363	0.0176327	0.0177497	0.0181882	0.0192387	0.0210668	0.12915
0.0004	5	0.0176605	0.017662	0.0176545	0.0177124	0.0179497	0.0185781	0.0197826	0.127
0.0004	6	0.0176796	0.0176791	0.0176753	0.0177105	0.0178432	0.0181972	0.018937	0.125722

0.0005	0	0.016582	0.0171244	0.0182423	0.0202142	0.0251127	0.0374978	0.0749983	0.209772
0.0005	1	0.016661	0.0166604	0.0172317	0.018444	0.0206492	0.0260475	0.0409205	0.156614
0.0005	2	0.0166915	0.0166905	0.0168267	0.0175698	0.0190564	0.0220376	0.0290634	0.137936
0.0005	3	0.0167429	0.0167446	0.0167643	0.0170724	0.0180405	0.0200124	0.0237169	0.129094
0.0005	4	0.0167933	0.0167911	0.0167868	0.0169267	0.0174544	0.0187336	0.0210046	0.12449
0.0005	5	0.0168202	0.016822	0.016813	0.0168821	0.0171662	0.0179245	0.0194007	0.121829
0.0005	6	0.0168432	0.0168425	0.0168379	0.0168799	0.0170384	0.0174631	0.0183601	0.120265

0.0006	0	0.015659	0.0162821	0.0175814	0.0199323	0.0259702	0.0420915	0.0918903	0.229407
0.0006	1	0.0157502	0.0157495	0.0164079	0.0178198	0.0204447	0.0270634	0.0465542	0.15979
0.0006	2	0.0157856	0.0157845	0.0159403	0.0167982	0.0185371	0.0221041	0.030849	0.135799
0.0006	3	0.0158447	0.0158466	0.015869	0.0162221	0.0173423	0.01966	0.0241414	0.124926
0.0006	4	0.0159025	0.0158999	0.0158949	0.0160545	0.0166601	0.0181462	0.020839	0.119397
0.0006	5	0.0159334	0.0159355	0.0159251	0.0160037	0.016328	0.017201	0.0189269	0.116253
0.0006	6	0.0159597	0.0159589	0.0159536	0.0160014	0.0161818	0.0166676	0.0177052	0.114428

0.0007	0	0.0147127	0.0154045	0.0168647	0.0195765	0.026792	0.047145	0.109796	0.250291
0.0007	1	0.0148143	0.0148135	0.0155468	0.0171363	0.0201571	0.0280185	0.0527608	0.163247
0.0007	2	0.0148539	0.0148527	0.015025	0.0159821	0.0179481	0.0220759	0.0326136	0.133351
0.0007	3	0.0149195	0.0149216	0.0149462	0.0153373	0.0165896	0.0192232	0.0244667	0.120404
0.0007	4	0.0149835	0.0149807	0.0149751	0.015151	0.0158224	0.0174909	0.0205777	0.113981
0.0007	5	0.0150178	0.0150201	0.0150086	0.015095	0.0154527	0.0164238	0.0183741	0.110392
0.0007	6	0.0150469	0.0150461	0.0150402	0.0150926	0.0152911	0.0158281	0.0169879	0.108333

0.0008	0	0.0137652	0.014514	0.0161142	0.0191658	0.0275924	0.0526716	0.127764	0.271588
0.0008	1	0.0138755	0.0138746	0.0146704	0.0164149	0.019803	0.0289204	0.059546	0.167105
0.0008	2	0.0139186	0.0139174	0.0141031	0.0151437	0.0173097	0.021967	0.0343533	0.130713
0.0008	3	0.0139896	0.0139918	0.0140182	0.0144402	0.0158045	0.0187213	0.0247019	0.115668
0.0008	4	0.0140587	0.0140557	0.0140495	0.0142385	0.0149636	0.0167894	0.0202377	0.108393
0.0008	5	0.0140957	0.0140983	0.0140858	0.0141782	0.0145627	0.0156153	0.017763	0.104399
0.0008	6	0.0141271	0.0141262	0.0141198	0.0141759	0.0143887	0.014967	0.0162304	0.102135

0.0009	0	0.0128394	0.0136342	0.0153545	0.0187252	0.0283962	0.058665	0.144752	0.292366
0.0009	1	0.0129566	0.0129558	0.0138027	0.0156803	0.0194057	0.0297878	0.0668942	0.171483
0.0009	2	0.0130027	0.0130014	0.0131977	0.0143071	0.016647	0.0217998	0.0360746	0.12803
0.0009	3	0.013078	0.0130803	0.013108	0.0135546	0.0150117	0.0181791	0.0248661	0.110878
0.0009	4	0.0131512	0.0131479	0.0131413	0.0133404	0.0141081	0.016067	0.0198433	0.102799
0.0009	5	0.0131902	0.0131931	0.0131797	0.0132768	0.0136818	0.0148006	0.0171191	0.0984414
0.0009	6	0.0132236	0.0132226	0.0132157	0.0132746	0.0134981	0.0141088	0.0154582	0.0960017

0.001	0	0.0119551	0.0127865	0.0146094	0.0182804	0.0292347	0.0650947	0.159804	0.311765
0.001	1	0.0120778	0.012077	0.012965	0.0149564	0.0189911	0.0306477	0.0747633	0.176478
0.001	2	0.0121263	0.0121249	0.0123293	0.0134945	0.0159847	0.0216005	0.037794	0.125454
0.001	3	0.0122049	0.0122073	0.0122358	0.0127015	0.0142346	0.0176231	0.0249845	0.106192
0.001	4	0.0122812	0.0122778	0.0122708	0.0124774	0.0132782	0.0153486	0.0194216	0.0973555
0.001	5	0.0123219	0.012325	0.012311	0.0124112	0.0128316	0.0140032	0.0164686	0.0926726
0.001	6	0.0123568	0.0123558	0.0123484	0.0124092	0.0126406	0.013276	0.0146958	0.0900825

0.002	0	0.0061562	0.00709536	0.00946022	0.0158205	0.0439678	0.135706	0.176245	0.394451
0.002	1	0.00629152	0.00629091	0.00731075	0.00986977	0.0163842	0.0428035	0.159731	0.248682
0.002	2	0.00634675	0.00634561	0.00656498	0.00792154	0.0112509	0.0207418	0.0581311	0.117303
0.002	3	0.00643313	0.00643534	0.00646376	0.00696436	0.00879115	0.0135618	0.0269371	0.0755866
0.002	4	0.00651668	0.00651243	0.00650302	0.00671518	0.00759257	0.0101754	0.0163262	0.0603416
0.002	5	0.00656076	0.00656423	0.00654785	0.00664617	0.00708574	0.00842033	0.0116736	0.0534987
0.002	6	0.00659898	0.00659792	0.00658837	0.00664699	0.00688293	0.0075659	0.00925689	0.050138

0.003	0	0.00353062	0.00440162	0.00694529	0.0160303	0.0683735	0.174601	0.128634	0.402516
0.003	1	0.00364981	0.00364928	0.00460021	0.00723295	0.0159612	0.0594854	0.203112	0.297691
0.003	2	0.00369952	0.00369873	0.00389013	0.00516542	0.00875095	0.0215374	0.0818554	0.128598
0.003	3	0.00377648	0.00377806	0.00380037	0.00423436	0.00599914	0.0114002	0.0301073	0.0630958
0.003	4	0.00385117	0.00384693	0.00383601	0.00401215	0.00479873	0.00740597	0.0147679	0.0425188
0.003	5	0.00389002	0.00389287	0.0038769	0.00395453	0.00433215	0.0055727	0.00902677	0.0345459
0.003	6	0.00392419	0.0039233	0.0039133	0.00395816	0.00415653	0.00476207	0.00639672	0.0310343

0.004	0	0.00222212	0.00300474	0.00567129	0.0180704	0.0948577	0.179807	0.101486	0.405119
0.004	1	0.0023224	0.00232186	0.00317272	0.0058046	0.0168825	0.0746659	0.209225	0.314395
0.004	2	0.00236479	0.00236432	0.00252446	0.00368414	0.00738593	0.0232239	0.101795	0.143343
0.004	3	0.00243107	0.00243217	0.00244795	0.00281374	0.00445909	0.0102602	0.0334225	0.0582667
0.004	4	0.00249568	0.00249161	0.00247967	0.00262236	0.00330662	0.00583338	0.0140518	0.0332811
0.004	5	0.00252884	0.0025313	0.00251576	0.00257569	0.00289197	0.00400706	0.00750149	0.0245521
0.004	6	0.00255863	0.00255784	0.0025479	0.00258132	0.00274402	0.00326624	0.00478764	0.0210436

0.005	0	0.00150019	0.00220444	0.00500433	0.0214808	0.118994	0.171388	0.0861903	0.406762
0.005	1	0.00158383	0.00158325	0.00233647	0.00499332	0.0187193	0.0862331	0.202609	0.318058
0.005	2	0.00161946	0.00161925	0.00175182	0.00280323	0.00661288	0.0255791	0.116122	0.156108
0.005	3	0.00167643	0.00167721	0.0016871	0.00199615	0.00352569	0.00968301	0.036691	0.0569366
0.005	4	0.00173221	0.00172842	0.00171555	0.00183162	0.00242727	0.00486093	0.0138334	0.0281294
0.005	5	0.00176061	0.00176284	0.00174743	0.0017939	0.00205989	0.00306023	0.00655578	0.0187407
0.005	6	0.00178662	0.00178585	0.00177611	0.00180102	0.00193492	0.00238598	0.00379465	0.0152651

0.006	0	0.00106665	0.00170625	0.00466194	0.0257791	0.13872	0.159704	0.0761741	0.407812
0.006	1	0.00113668	0.00113605	0.0018018	0.00450231	0.0210333	0.0943051	0.193211	0.317127
0.006	2	0.00116666	0.00116663	0.00127646	0.00222961	0.00612879	0.0282135	0.126224	0.166406
0.006	3	0.00121593	0.00121649	0.00122159	0.00148417	0.00290404	0.00935149	0.0396484	0.0570421
0.006	4	0.00126438	0.00126093	0.00124728	0.00134225	0.00186273	0.00419437	0.0137884	0.0249604
0.006	5	0.00128898	0.00129105	0.00127567	0.00131173	0.00153696	0.00243514	0.00589329	0.0150328
0.006	6	0.0013118	0.00131102	0.00130155	0.00131998	0.00143092	0.00182229	0.00312263	0.0116202

0.007	0	0.000791596	0.001381	0.00453327	0.0306158	0.153625	0.148267	0.0688535	0.408067
0.007	1	0.000850841	0.000850175	0.00144386	0.00420913	0.023533	0.0997534	0.184004	0.314644
0.007	2	0.000876338	0.000876421	0.000968636	0.00183842	0.00581027	0.0308249	0.133855	0.17505
0.007	3	0.000919506	0.000919907	0.000921487	0.00114736	0.00247053	0.00912835	0.0421546	0.0576617
0.007	4	0.000962102	0.000959017	0.000944825	0.00102358	0.00148285	0.00371444	0.0137588	0.0228456
0.007	5	0.000983803	0.00098573	0.000970423	0.000998627	0.00119176	0.00200359	0.00539748	0.0125314
0.007	6	0.00100405	0.00100327	0.00099409	0.00100765	0.00110079	0.00144391	0.00264703	0.00920078

0.008	0	0.000609297	0.00116134	0.00456585	0.0357496	0.16424	0.138002	0.063137	0.407465
0.008	1	0.000659936	0.000659244	0.00119702	0.00405623	0.026048	0.103431	0.175706	0.311757
0.008	2	0.000681844	0.000681973	0.000761124	0.00156456	0.00560677	0.0332416	0.140187	0.182725
0.008	3	0.000720188	0.000720468	0.000719729	0.000917417	0.00216185	0.00896355	0.0441989	0.0584022
0.008	4	0.000758178	0.000755434	0.000741021	0.000807634	0.00121873	0.00336374	0.0136916	0.0213363
0.008	5	0.000777704	0.000779515	0.000764367	0.000786787	0.000955241	0.00169752	0.00501906	0.0107802
0.008	6	0.000795949	0.000795158	0.000786278	0.000796237	0.000875904	0.00118118	0.0023028	0.0075335

0.009	0	0.00048358	0.00100847	0.00472776	0.0410098	0.171416	0.129004	0.0584862	0.406136
0.009	1	0.0005271	0.000526397	0.00102222	0.00400968	0.0284848	0.105947	0.168355	0.308873
0.009	2	0.00054599	0.000546125	0.000615763	0.00136845	0.00549311	0.0353936	0.145859	0.189822
0.009	3	0.000580399	0.00058059	0.000578511	0.000754735	0.00193878	0.00884056	0.0458384	0.059112
0.009	4	0.000614698	0.000612259	0.000597937	0.000655572	0.00102921	0.00310673	0.0135822	0.0201986
0.009	5	0.000632566	0.000634274	0.000619402	0.00063764	0.000787228	0.00147488	0.00473034	0.00951633
0.009	6	0.000649241	0.000648452	0.000639871	0.000647218	0.000716736	0.000992601	0.00204885	0.00634297

0.01	0	0.00039372	0.000899218	0.00499603	0.0462703	0.175972	0.121139	0.0545958	0.404266
0.01	1	0.000431109	0.00043041	0.000895107	0.00404574	0.0307961	0.10769	0.161814	0.306103
0.01	2	0.000447305	0.000447425	0.000510136	0.00122456	0.00545287	0.0372737	0.151184	0.19654
0.01	3	0.000478339	0.000478472	0.000475797	0.000635523	0.00177486	0.00875393	0.0471483	0.0597453
0.01	4	0.000509568	0.0005074	0.000493441	0.000544428	0.00088871	0.00291796	0.0134436	0.0193051
0.01	5	0.000526115	0.000527726	0.000513252	0.000528497	0.000663518	0.0013083	0.00451122	0.00857863
0.01	6	0.000541529	0.000540749	0.00053247	0.000537945	0.000599741	0.000852552	0.00185722	0.0054622

0.02	0	0.000118187	0.000665395	0.0107502	0.0867221	0.167778	0.0770338	0.034024	0.377091
0.02	1	0.000121417	0.000121159	0.000521485	0.00636809	0.0469226	0.110087	0.11915	0.283292
0.02	2	0.000118686	0.000118535	0.000161531	0.0007429	0.00697695	0.0477303	0.196851	0.2527
0.02	3	0.000127424	0.000127764	0.000131384	0.000228888	0.00120815	0.00926599	0.0523559	0.0634455
0.02	4	0.000140085	0.000139449	0.000133997	0.000164831	0.000383547	0.00231854	0.0126063	0.0158868
0.02	5	0.00014878	0.000149451	0.000141598	0.000150733	0.000229621	0.000683242	0.00382253	0.00532596
0.02	6	0.000157252	0.000156747	0.000151541	0.000153708	0.000187301	0.000342679	0.00110966	0.00225889

0.03	0	8.03231e-05	0.000968068	0.0181478	0.104007	0.145115	0.0587651	0.0253506	0.352435
0.03	1	7.33602e-05	7.32958e-05	0.000614526	0.00944092	0.0565822	0.106242	0.0955824	0.268609
0.03	2	6.44281e-05	6.42079e-05	0.000105406	0.0007451	0.0091694	0.0544346	0.225239	0.289822
0.03	3	6.53473e-05	6.58461e-05	7.3076e-05	0.000163283	0.00110931	0.0106457	0.054681	0.0668035
0.03	4	7.10489e-05	7.08343e-05	6.99741e-05	9.85426e-05	0.000301426	0.00216343	0.0132084	0.0159837
0.03	5	7.6312e-05	7.65523e-05	7.25286e-05	8.2679e-05	0.000152813	0.000577809	0.00367002	0.00470872
0.03	6	8.21869e-05	8.17781e-05	7.83111e-05	8.16808e-05	0.000110874	0.000249592	0.000954143	0.00163857

0.04	0	7.58549e-05	0.00147677	0.025291	0.11028	0.127798	0.0491881	0.0205672	0.334677
0.04	1	6.06798e-05	6.06567e-05	0.000837966	0.0124396	0.0638289	0.102267	0.0812478	0.260743
0.04	2	4.92337e-05	4.90155e-05	8.69668e-05	0.000913695	0.0112493	0.0610636	0.23694	0.310352
0.04	3	4.7193e-05	4.76847e-05	5.57728e-05	0.000143363	0.00118674	0.0120128	0.0577538	0.0712473
0.04	4	5.00136e-05	4.98617e-05	5.09904e-05	7.80763e-05	0.000290718	0.00217759	0.0141464	0.0168437
0.04	5	5.34757e-05	5.3633e-05	5.14768e-05	6.21902e-05	0.000130608	0.000591805	0.00366761	0.0046108
0.04	6	5.81727e-05	5.7729e-05	5.53706e-05	5.95105e-05	8.83391e-05	0.000227272	0.000979862	0.00152626

0.05	0	8.64093e-05	0.0020945	0.0317099	0.111694	0.115129	0.0433405	0.0175495	0.321604
0.05	1	6.02772e-05	6.02721e-05	0.00111767	0.0152649	0.0696523	0.0987524	0.071829	0.256737
0.05	2	4.58358e-05	4.56114e-05	7.93793e-05	0.00115645	0.0132616	0.0676995	0.238865	0.321153
0.05	3	4.13729e-05	4.18456e-05	5.08572e-05	0.000132177	0.00135466	0.0132596	0.0614975	0.076378
0.05	4	4.22182e-05	4.20142e-05	4.48543e-05	7.12821e-05	0.000289599	0.00231644	0.0150453	0.0178517
0.05	5	4.42459e-05	4.44048e-05	4.3774e-05	5.55203e-05	0.000123362	0.00062606	0.00378738	0.00472475
0.05	6	4.8109e-05	4.76087e-05	4.63172e-05	5.14262e-05	8.17941e-05	0.000220778	0.00105536	0.00155139

0.06	0	0.000107785	0.00277681	0.0373177	0.110688	0.105512	0.039345	0.0154561	0.311203
0.06	1	6.73173e-05	6.73294e-05	0.00143184	0.0178818	0.0744852	0.0956131	0.0651238	0.25467
0.06	2	4.83246e-05	4.80753e-05	7.89665e-05	0.001436	0.015235	0.0742097	0.235904	0.32696
0.06	3	4.11396e-05	4.16321e-05	5.24181e-05	0.000126143	0.00156263	0.0143969	0.0655079	0.0817288
0.06	4	4.03274e-05	4.00279e-05	4.47491e-05	7.24652e-05	0.000289728	0.00252598	0.015848	0.0188613
0.06	5	4.11691e-05	4.13507e-05	4.21361e-05	5.58968e-05	0.000125643	0.000657768	0.0039885	0.00495247
0.06	6	4.44901e-05	4.39106e-05	4.36347e-05	5.01257e-05	8.43072e-05	0.000223057	0.00113426	0.00162379

0.07	0	0.000137649	0.00349804	0.042166	0.108436	0.097891	0.0363846	0.0139011	0.302414
0.07	1	7.93684e-05	7.94012e-05	0.00177175	0.0202847	0.0785598	0.0927285	0.0600153	0.253519
0.07	2	5.40181e-05	5.37301e-05	8.40622e-05	0.00173757	0.0171727	0.0805421	0.230621	0.330265
0.07	3	4.36413e-05	4.41994e-05	5.77048e-05	0.000125039	0.00178594	0.0154455	0.069507	0.087009
0.07	4	4.13353e-05	4.09224e-05	4.77387e-05	7.89962e-05	0.000291751	0.00276767	0.0165666	0.019835
0.07	5	4.12301e-05	4.14483e-05	4.3543e-05	6.03348e-05	0.000135523	0.000684176	0.00423689	0.00524315
0.07	6	4.43234e-05	4.36295e-05	4.42692e-05	5.25276e-05	9.28803e-05	0.000233227	0.00120368	0.00171454

0.08	0	0.000174494	0.00424151	0.0463418	0.105568	0.0916291	0.0340596	0.012688	0.294702
0.08	1	9.49782e-05	9.50356e-05	0.0021318	0.0224863	0.0820062	0.0900183	0.0559141	0.252747
0.08	2	6.14662e-05	6.11309e-05	9.32916e-05	0.00205488	0.0190717	0.0866958	0.224306	0.332344
0.08	3	4.73717e-05	4.80343e-05	6.51203e-05	0.000128437	0.00201359	0.0164219	0.0733409	0.0920654
0.08	4	4.36304e-05	4.30953e-05	5.22244e-05	8.90745e-05	0.000296821	0.00301838	0.0172208	0.020764
0.08	5	4.27591e-05	4.30277e-05	4.63533e-05	6.7065e-05	0.000151277	0.000706572	0.00450852	0.00556557
0.08	6	4.58929e-05	4.50473e-05	4.65109e-05	5.68561e-05	0.000105484	0.000250391	0.00126178	0.00181196

0.09	0	0.000217332	0.00499541	0.0499291	0.102432	0.0863385	0.0321552	0.0117076	0.287775
0.09	1	0.000113315	0.000113399	0.00250719	0.0245077	0.0849063	0.0874373	0.0524916	0.252077
0.09	2	6.99064e-05	6.95188e-05	0.000105586	0.00238455	0.0209296	0.0926874	0.217616	0.333863
0.09	3	5.15453e-05	5.23429e-05	7.37677e-05	0.00013565	0.00224083	0.0173388	0.0769328	0.0968258
0.09	4	4.63531e-05	4.56901e-05	5.73498e-05	0.000101503	0.000305472	0.00326544	0.0178263	0.0216481
0.09	5	4.48285e-05	4.51603e-05	4.96806e-05	7.50548e-05	0.000171383	0.000726588	0.00478754	0.00590023
0.09	6	4.8198e-05	4.71683e-05	4.93972e-05	6.20925e-05	0.000120747	0.000273334	0.00130988	0.00191082

0.1	0	0.000265484	0.00575082	0.0530001	0.0992221	0.0817731	0.0305468	0.0108945	0.281453
0.1	1	0.000133912	0.000134023	0.00289341	0.0263715	0.0873213	0.084963	0.0495539	0.251371
0.1	2	7.89483e-05	7.85046e-05	0.000120182	0.00272419	0.0227459	0.0985374	0.210894	0.335179
0.1	3	5.57652e-05	5.67217e-05	8.31625e-05	0.000145938	0.00246557	0.0182056	0.0802505	0.101263
0.1	4	4.90664e-05	4.8271e-05	6.26717e-05	0.000115527	0.000317718	0.00350236	0.0183942	0.0224898
0.1	5	4.69499e-05	4.73557e-05	5.30674e-05	8.37257e-05	0.000194629	0.00074551	0.00506398	0.00623522
0.1	6	5.0684e-05	4.9445e-05	5.24117e-05	6.76769e-05	0.000137789	0.000300794	0.00134995	0.00200875

0.2	0	0.000947838	0.0123676	0.0655514	0.0727829	0.0552041	0.0215486	0.00679093	0.235193
0.2	1	0.000425724	0.000425701	0.00666234	0.0394464	0.0938799	0.0650269	0.0322739	0.238141
0.2	2	0.000181481	0.000180439	0.000330044	0.00630054	0.0391718	0.152073	0.157206	0.355444
0.2	3	8.25365e-05	8.5789e-05	0.000191656	0.000316079	0.00447064	0.0251888	0.0998556	0.130191
0.2	4	5.90954e-05	5.70575e-05	0.000105118	0.000290859	0.000550127	0.00516952	0.0229596	0.0291914
0.2	5	5.24019e-05	5.37143e-05	7.08971e-05	0.000175123	0.000482155	0.000966584	0.00716599	0.00896687
0.2	6	6.08616e-05	5.73387e-05	6.71825e-05	0.00011396	0.000340914	0.000651225	0.00158103	0.00287252

0.3	0	0.00179437	0.0163289	0.0629333	0.0563367	0.0423469	0.0173128	0.0051845	0.202237
0.3	1	0.000787324	0.000786488	0.00950172	0.0463222	0.0860491	0.051785	0.0237182	0.21895
0.3	2	0.000290863	0.000289309	0.00059143	0.00959192	0.0540127	0.199468	0.124534	0.388778
0.3	3	8.15879e-05	8.71948e-05	0.000308863	0.000496362	0.00602406	0.0304485	0.104514	0.14196
0.3	4	4.89635e-05	4.65828e-05	0.00012185	0.000481547	0.000795702	0.00600696	0.0262699	0.0337715
0.3	5	4.18092e-05	4.35329e-05	6.49728e-05	0.000256302	0.000758054	0.00121608	0.00835473	0.0107355
0.3	6	5.21992e-05	4.76788e-05	6.0468e-05	0.000135034	0.000542702	0.000953064	0.00177589	0.00356704

0.4	0	0.00262894	0.0179858	0.0563432	0.0452838	0.0343272	0.0146818	0.00428001	0.175531
0.4	1	0.00112689	0.00112572	0.0114095	0.0491834	0.0753866	0.0424871	0.0184064	0.199126
0.4	2	0.000398225	0.000395852	0.000852961	0.0124184	0.0683111	0.241023	0.102501	0.4259
0.4	3	6.72031e-05	7.38449e-05	0.000425222	0.000650431	0.00724496	0.0347242	0.103292	0.146478
0.4	4	3.76162e-05	3.57675e-05	0.000119678	0.00065685	0.000984687	0.00646062	0.0285869	0.0368821
0.4	5	3.301e-05	3.43074e-05	5.24383e-05	0.00032382	0.000983597	0.00141134	0.00914024	0.0119788
0.4	6	4.2547e-05	3.84913e-05	4.98603e-05	0.00013862	0.000712853	0.00116673	0.00195538	0.00410448

0.5	0	0.00336974	0.0181229	0.0492753	0.0372885	0.0286742	0.0128028	0.0036736	0.153207
0.5	1	0.00140633	0.00140576	0.0125925	0.0492758	0.0652691	0.0355587	0.0147228	0.180231
0.5	2	0.000496358	0.000492052	0.0010848	0.0148654	0.0823886	0.277022	0.0862155	0.462565
0.5	3	5.09158e-05	5.70511e-05	0.000533101	0.000773626	0.00823079	0.0383428	0.0998092	0.147797
0.5	4	3.06484e-05	2.95983e-05	0.000106795	0.000802918	0.00112236	0.00671048	0.0300452	0.038848
0.5	5	2.88541e-05	2.92846e-05	4.18993e-05	0.000378606	0.00115573	0.00154036	0.00969311	0.0128678
0.5	6	3.67606e-05	3.37825e-05	4.20764e-05	0.000132393	0.000844752	0.00130569	0.0020886	0.00448406

0.6	0	0.00398697	0.0173736	0.0427641	0.0312181	0.024406	0.0113458	0.00322739	0.134322
0.6	1	0.00161949	0.00162029	0.0132193	0.0475517	0.0564433	0.0301733	0.0120012	0.162629
0.6	2	0.000579055	0.00057102	0.00127569	0.0170133	0.0962598	0.308375	0.0734959	0.49757
0.6	3	3.7941e-05	4.2739e-05	0.000625803	0.000868008	0.00903669	0.0414767	0.0953336	0.147421
0.6	4	2.71181e-05	2.67404e-05	8.97573e-05	0.000916012	0.00122011	0.00683303	0.0307565	0.0398693
0.6	5	2.72904e-05	2.68937e-05	3.49718e-05	0.000421936	0.00128032	0.00161632	0.0100587	0.0134664
0.6	6	3.39224e-05	3.19491e-05	3.73951e-05	0.000121559	0.000940763	0.00138659	0.00217004	0.00472222

0.7	0	0.00447753	0.0161656	0.0370497	0.0264526	0.0210412	0.0101566	0.0028797	0.118223
0.7	1	0.00177244	0.00177503	0.0134213	0.0447367	0.0489133	0.0258584	0.00991125	0.146388
0.7	2	0.000642368	0.000628614	0.00142518	0.018915	0.109784	0.336056	0.0632182	0.530669
0.7	3	2.90854e-05	3.24625e-05	0.000698949	0.000937558	0.00969647	0.044228	0.0903323	0.145955
0.7	4	2.52761e-05	2.53495e-05	7.28717e-05	0.000997976	0.00128708	0.00686692	0.0308327	0.0401081
0.7	5	2.65814e-05	2.55954e-05	3.07156e-05	0.000455	0.00136528	0.00165343	0.0102558	0.0138125
0.7	6	3.24905e-05	3.12039e-05	3.45939e-05	0.000109311	0.00100613	0.00142371	0.00220634	0.00484377

0.8	0	0.00485097	0.014766	0.0321204	0.0226203	0.0183102	0.00915337	0.00259796	0.104419
0.8	1	0.00187479	0.0018793	0.0133036	0.0413559	0.0425111	0.022323	0.00826611	0.131514
0.8	2	0.000685133	0.000664026	0.00153743	0.0206065	0.122761	0.360828	0.0547278	0.561809
0.8	3	2.34092e-05	2.56462e-05	0.000751129	0.000986452	0.0102347	0.0466689	0.0850304	0.143721
0.8	4	2.40448e-05	2.4389e-05	5.83186e-05	0.00105304	0.00133008	0.00683628	0.0303954	0.0397215
0.8	5	2.59288e-05	2.45866e-05	2.79585e-05	0.000478895	0.00141824	0.00166238	0.0103036	0.0139416
0.8	6	3.15042e-05	3.06062e-05	3.26668e-05	9.73992e-05	0.00104651	0.00142844	0.0022066	0.00487372

0.9	0	0.00512163	0.0133317	0.0278927	0.0194827	0.0160475	0.00828844	0.00236298	0.0925276
0.9	1	0.00193622	0.00194262	0.0129517	0.037768	0.0370554	0.0193779	0.00694926	0.117981
0.9	2	0.000708554	0.000679164	0.00161791	0.0221159	0.134995	0.383223	0.0476091	0.590949
0.9	3	1.9765e-05	2.12024e-05	0.000783492	0.00101847	0.0106714	0.0488588	0.0795837	0.140957
0.9	4	2.29412e-05	2.34397e-05	4.67445e-05	0.00108597	0.00135425	0.00675855	0.0295693	0.0388612
0.9	5	2.50812e-05	2.35498e-05	2.59185e-05	0.000494647	0.00144588	0.00165082	0.0102243	0.0138902
0.9	6	3.05185e-05	2.98084e-05	3.10478e-05	8.66249e-05	0.00106706	0.00140964	0.00217914	0.00483385

1	0	0.00530471	0.0119491	0.0242711	0.0168786	0.0141441	0.00753164	0.00216264	0.0822418
1	1	0.00196531	0.00197339	0.012435	0.034203	0.0323889	0.0168941	0.00588247	0.105742
1	2	0.000715306	0.000677481	0.00167198	0.023467	0.14633	0.403609	0.0415796	0.618051
1	3	1.7303e-05	1.82143e-05	0.000798753	0.00103685	0.0110237	0.0508485	0.0741215	0.137865
1	4	2.18001e-05	2.23851e-05	3.79476e-05	0.00110119	0.00136361	0.00664719	0.0284709	0.037665
1	5	2.40151e-05	2.24009e-05	2.41832e-05	0.000503237	0.00145373	0.00162427	0.0100419	0.0136938
1	6	2.93804e-05	2.87448e-05	2.94798e-05	7.72314e-05	0.00107218	0.00137411	0.00213089	0.00474201

2	0	0.00468139	0.00367949	0.00677949	0.00486288	0.00477551	0.00317485	0.00102253	0.0289761
2	1	0.00151479	0.00152601	0.00577439	0.0111929	0.0094429	0.00487829	0.00146227	0.0357916
2	2	0.000436949	0.000371729	0.00150053	0.0316855	0.206081	0.535634	0.0123955	0.788106
2	3	6.96945e-06	6.82303e-06	0.000570415	0.000877013	0.0120747	0.066483	0.0321672	0.112186
2	4	1.03394e-05	1.09601e-05	1.07222e-05	0.000847949	0.00110694	0.00505761	0.0159835	0.023028
2	5	1.13597e-05	1.03327e-05	1.07071e-05	0.000379383	0.0010988	0.00110106	0.00633014	0.00894179
2	6	1.494e-05	1.43149e-05	1.40991e-05	3.05639e-05	0.000793536	0.000793575	0.00130971	0.00297073

3	0	0.00305215	0.00118947	0.00220285	0.00167414	0.00187443	0.00141864	0.000494687	0.0119064
3	1	0.000906344	0.000911467	0.00219383	0.00375325	0.00312561	0.0015963	0.00048839	0.0129752
3	2	0.000195503	0.00016001	0.00102403	0.0352199	0.205147	0.600956	0.00432287	0.847025
3	3	2.77524e-06	2.62298e-06	0.000301076	0.000600177	0.0112301	0.0819034	0.0135813	0.107622
3	4	4.1814e-06	4.58152e-06	4.19234e-06	0.000515432	0.000758505	0.0036548	0.0089223	0.013864
3	5	4.45442e-06	3.99832e-06	4.10021e-06	0.000206416	0.000686869	0.000652989	0.00347031	0.00502913
3	6	6.19675e-06	5.79105e-06	5.64137e-06	1.309e-05	0.00048212	0.000390621	0.000675266	0.00157873

4	0	0.00181503	0.000405848	0.000773636	0.00062236	0.00077015	0.000633345	0.000231023	0.00525139
4	1	0.000496863	0.000498355	0.000810545	0.00131785	0.00109644	0.000557589	0.000182893	0.00496054
4	2	8.13658e-05	6.6915e-05	0.000636695	0.0363118	0.182751	0.641437	0.00160699	0.862892
4	3	1.05126e-06	9.70831e-07	0.000142663	0.000384408	0.00959021	0.0990272	0.00579894	0.114945
4	4	1.60379e-06	1.81391e-06	1.56951e-06	0.000291548	0.000489783	0.00253077	0.00505765	0.00837475
4	5	1.65622e-06	1.46838e-06	1.49331e-06	0.000100659	0.000410055	0.000369467	0.00188962	0.00277442
4	6	2.42167e-06	2.209e-06	2.13478e-06	5.31089e-06	0.000278565	0.00018538	0.000325212	0.000801234

5	0	0.00103371	0.000142963	0.000282735	0.000240129	0.000319069	0.000277982	0.000104376	0.00240097
5	1	0.000258197	0.000258481	0.000299183	0.000474934	0.000394918	0.000202112	7.10604e-05	0.00195889
5	2	3.28298e-05	2.75209e-05	0.000374663	0.0356053	0.154625	0.668994	0.000611461	0.86027
5	3	3.82955e-07	3.48779e-07	6.38369e-05	0.000236645	0.00769512	0.118028	0.00247438	0.128499
5	4	5.95845e-07	6.93077e-07	5.6451e-07	0.000158053	0.0003022	0.00166898	0.00282329	0.00495438
5	5	5.98074e-07	5.24429e-07	5.2783e-07	4.59886e-05	0.000239654	0.000201429	0.00103006	0.00151878
5	6	9.178e-07	8.18013e-07	7.83161e-07	2.05898e-06	0.00015699	8.61696e-05	0.000150059	0.000397796

6	0	0.000574116	5.13479e-05	0.000105655	9.448e-05	0.000131657	0.000119647	4.58258e-05	0.00112273
6	1	0.000128799	0.00012887	0.000110751	0.000173736	0.000144104	7.48254e-05	2.78261e-05	0.000788912
6	2	1.30264e-05	1.11524e-05	0.000211704	0.0334807	0.127108	0.686876	0.000234693	0.847935
6	3	1.35355e-07	1.22439e-07	2.75704e-05	0.000141246	0.00590322	0.139151	0.00104919	0.146272
6	4	2.16293e-07	2.57567e-07	1.96975e-07	8.28318e-05	0.000178774	0.00105298	0.00154435	0.0028596
6	5	2.11673e-07	1.84018e-07	1.82758e-07	2.00948e-05	0.000138081	0.000106219	0.000560743	0.000825716
6	6	3.40901e-07	2.97492e-07	2.81151e-07	7.71182e-07	8.69467e-05	3.9317e-05	6.72727e-05	0.000195227

7	0	0.000313504	1.86713e-05	4.00059e-05	3.755e-05	5.39052e-05	5.05674e-05	1.96333e-05	0.000533837
7	1	6.20687e-05	6.21643e-05	4.11001e-05	6.41184e-05	5.2948e-05	2.80268e-05	1.0867e-05	0.000321293
7	2	5.11557e-06	4.46208e-06	0.00011574	0.0302825	0.102599	0.696368	9.03685e-05	0.829465
7	3	4.67017e-08	4.2174e-08	1.16126e-05	8.21169e-05	0.0043823	0.162607	0.000441207	0.167524
7	4	7.70711e-08	9.34931e-08	6.71251e-08	4.21062e-05	0.00010175	0.000640429	0.000829466	0.00161399
7	5	7.38479e-08	6.38334e-08	6.23679e-08	8.50301e-06	7.86569e-05	5.43882e-05	0.000304709	0.000446457
7	6	1.24745e-07	1.06989e-07	9.9287e-08	2.80977e-07	4.74809e-05	1.76152e-05	2.95501e-05	9.52582e-05

8	0	0.000168911	6.84093e-06	1.52624e-05	1.49811e-05	2.18776e-05	2.10289e-05	8.23839e-06	0.000257141
8	1	2.89934e-05	2.91123e-05	1.52695e-05	2.37761e-05	1.95265e-05	1.05593e-05	4.21697e-06	0.000131454
8	2	1.99357e-06	1.76537e-06	6.14918e-05	0.026382	0.0817327	0.698375	3.4818e-05	0.80659
8	3	1.57912e-08	1.42802e-08	4.79592e-06	4.66393e-05	0.00317236	0.188433	0.000183843	0.191841
8	4	2.70263e-08	3.32236e-08	2.24334e-08	2.07902e-05	5.59598e-05	0.000378368	0.000438617	0.000893818
8	5	2.5501e-08	2.19791e-08	2.10688e-08	3.51021e-06	4.43536e-05	2.71466e-05	0.000165458	0.000240537
8	6	4.50945e-08	3.82218e-08	3.46057e-08	9.99831e-08	2.56065e-05	7.74945e-06	1.27784e-05	4.63522e-05

9	0	8.98814e-05	2.51645e-06	5.84293e-06	5.97245e-06	8.79942e-06	8.6211e-06	3.39629e-06	0.00012503
9	1	1.31524e-05	1.32593e-05	5.67001e-06	8.83126e-06	7.21318e-06	3.98707e-06	1.62428e-06	5.37375e-05
9	2	7.71516e-07	6.91229e-07	3.18342e-05	0.0221704	0.0644041	0.693763	1.34029e-05	0.780384
9	3	5.24676e-09	4.75544e-09	1.9479e-06	2.59306e-05	0.00225002	0.216444	7.58693e-05	0.218797
9	4	9.33999e-09	1.1573e-08	7.37178e-09	9.97828e-06	2.98837e-05	0.000218662	0.000228943	0.000487495
9	5	8.74363e-09	7.5325e-09	7.06891e-09	1.42005e-06	2.47677e-05	1.32568e-05	8.99128e-05	0.000129381
9	6	1.6128e-08	1.36041e-08	1.19313e-08	3.48278e-08	1.36469e-05	3.34743e-06	5.45435e-06	2.25252e-05

10	0	4.72211e-05	9.26855e-07	2.23794e-06	2.37136e-06	3.50773e-06	3.48984e-06	1.37904e-06	6.11339e-05
10	1	5.80122e-06	5.87931e-06	2.10117e-06	3.27795e-06	2.66545e-06	1.50542e-06	6.20992e-07	2.18515e-05
10	2	2.96466e-07	2.67971e-07	1.60887e-05	0.0180116	0.050246	0.683422	5.1494e-06	0.751701
10	3	1.71688e-09	1.55738e-09	7.79462e-07	1.41346e-05	0.00156834	0.246258	3.10034e-05	0.247872
10	4	3.18436e-09	3.95553e-09	2.38639e-09	4.65865e-06	1.55708e-05	0.000124384	0.000118262	0.000262884
10	5	2.98461e-09	2.57459e-09	2.36213e-09	5.64619e-07	1.36985e-05	6.35597e-06	4.896e-05	6.95869e-05
10	6	5.71308e-09	4.83355e-09	4.07676e-09	1.18952e-08	7.1898e-06	1.42007e-06	2.30204e-06	1.09384e-05

